0.02   20.8711711
0.04   0.3562173019
0.06   0.3285040679
0.08   0.3135716686
0.1   0.3038379025
0.12   0.296870275
0.14   0.2915833154
0.16   0.2873341282
0.18   0.2838899628
0.2   0.2809503138
0.22   0.2784642434
0.24   0.2762792207
0.26   0.2743587905
0.28   0.2726559091
0.3   0.2710927171
0.32   0.2696821807
0.34   0.2684093919
0.36   0.2672260961
0.38   0.2661260007
0.4   0.2651032559
0.42   0.2641524227
0.44   0.2632535883
0.46   0.2624179532
0.48   0.2616280168
0.5   0.2608565946
0.52   0.260139413
0.54   0.2594726582
0.56   0.2588111125
0.58   0.2581754084
0.6   0.2575893687
0.62   0.2570124858
0.64   0.2564626444
0.66   0.2559213942
0.68   0.2554055151
0.7   0.2549138178
0.72   0.2544298033
0.74   0.2539533516
0.76   0.2535141226
0.78   0.2530817566
0.8   0.2526561463
0.82   0.2522238858
0.84   0.2518253957
0.86   0.2514455848
0.88   0.2510598394
0.9   0.2506801212
0.92   0.2503300685
0.94   0.2499636071
0.96   0.2496257755
0.98   0.2492826653
1   0.2489556384
1.02   0.2486337213
1.04   0.2483168341
1.06   0.2480098496
1.08   0.2476932719
1.1   0.2474261595
1.12   0.2471006162
1.14   0.2468411989
1.16   0.2465574612
1.18   0.2462825903
1.2   0.2460163091
1.22   0.2457417067
1.24   0.2455100108
1.26   0.2452276315
1.28   0.2450070227
1.3   0.2447381557
1.32   0.2445281034
1.34   0.2442721021
1.36   0.2440401009
1.38   0.2438153498
1.4   0.2436116691
1.42   0.2433761633
1.44   0.2431627361
1.46   0.2429559786
1.48   0.2427427598
1.5   0.2425495304
1.52   0.2423381856
1.54   0.2421466545
1.56   0.2419491379
1.58   0.2417701386
1.6   0.2415631706
1.62   0.2414014769
1.64   0.2412044126
1.66   0.2410258232
1.68   0.2408639764
1.7   0.2406869566
1.72   0.2405044049
1.74   0.2403503769
1.76   0.2401867221
1.78   0.2400179532
1.8   0.2398544582
1.82   0.2397165094
1.84   0.2395526951
1.86   0.239394
1.88   0.2392650603
1.9   0.2390797094
1.92   0.2389812418
1.94   0.2388027691
1.96   0.2386856465
1.98   0.2385465633
2   0.2383987875
2.02   0.2382602476
2.04   0.238147684
2.06   0.2379999442
2.08   0.2378983731
2.1   0.2377396683
2.12   0.2376305587
2.14   0.2375282684
2.16   0.23736844
2.18   0.2372785364
2.2   0.237171776
2.22   0.2370316529
2.24   0.236917803
2.26   0.2368252998
2.28   0.2367038895
2.3   0.2366052436
2.32   0.2364881016
2.34   0.2363929237
2.36   0.2362917972
2.38   0.2361717095
2.4   0.2360891492
2.42   0.2359911088
2.44   0.2358746859
2.46   0.235809198
2.48   0.2356864082
2.5   0.2356173389
2.52   0.2355051013
2.54   0.235427938
2.56   0.2353218384
2.58   0.2352754199
2.6   0.235133263
2.62   0.2351066086
2.64   0.2349683389
2.66   0.2349251296
2.68   0.2348252081
2.7   0.2347440219
2.72   0.2346780581
2.74   0.2345873578
2.76   0.2345250014
2.78   0.2344392614
2.8   0.2343588801
2.82   0.2342935703
2.84   0.2342364242
2.86   0.2341292753
2.88   0.2340957913
2.9   0.2339932464
2.92   0.2339612011
2.94   0.2338630625
2.96   0.2338078595
2.98   0.2337457562
3   0.2336758899
3.02   0.2336322235
3.04   0.2335312449
3.06   0.2334996891
3.08   0.2334444664
3.1   0.2333547296
3.12   0.2333154697
3.14   0.233246765
3.16   0.2332038245
3.18   0.2331447813
3.2   0.2330783578
3.22   0.2330202372
3.24   0.232998442
3.26   0.2328990012
3.28   0.2328803561
3.3   0.2328127675
3.32   0.2327536274
3.34   0.2327314499
3.36   0.2326676896
3.38   0.2326118992
3.4   0.2325630827
3.42   0.2325203683
3.44   0.2324723145
3.46   0.2324302675
3.48   0.2323724528
3.5   0.2323507723
3.52   0.2322884408
3.54   0.2322339008
3.56   0.2322134483
3.58   0.2321546473
3.6   0.2321325969
3.62   0.2320692022
3.64   0.2320454291
3.66   0.2319770816
3.68   0.2319685382
3.7   0.2319268889
3.72   0.2318696212
3.74   0.2318338288
3.76   0.2318248807
3.78   0.2317471443
3.8   0.2317374272
3.82   0.2316779102
3.84   0.2316704706
3.86   0.2316202531
3.88   0.2315888672
3.9   0.2315496348
3.92   0.2315398267
3.94   0.231465653
3.96   0.2314563813
3.98   0.2314227713
4   0.2313807588
4.02   0.2313650041
4.04   0.2313315255
4.06   0.2312896771
4.08   0.2312635219
4.1   0.2312439055
4.12   0.2312022206
4.14   0.2311761675
4.16   0.2311436012
4.18   0.2311354596
4.2   0.2310754155
4.22   0.2310679099
4.24   0.231043517
4.26   0.2310130258
4.28   0.2309749119
4.3   0.2309653834
4.32   0.2309344158
4.34   0.2308957063
4.36   0.2308860289
4.38   0.2308690935
4.4   0.2308204042
4.42   0.2308143181
4.44   0.2307732365
4.46   0.2307783717
4.48   0.230725094
4.5   0.2307184343
4.52   0.230701785
4.54   0.2306664053
4.56   0.2306398705
4.58   0.2306332368
4.6   0.2306050436
4.62   0.2305838987
4.64   0.2305574676
4.66   0.2305508598
4.68   0.2305227767
4.7   0.2304876729
4.72   0.2304964488
4.74   0.230467927
4.76   0.2304322746
4.78   0.2304233615
4.8   0.2304144485
4.82   0.2303854809
4.84   0.2303637553
4.86   0.2303583239
4.88   0.2303352404
4.9   0.230306386
4.92   0.2302991724
4.94   0.2302919588
4.96   0.230243267
4.98   0.2302615265
5   0.2302341373
5.02   0.2302135955
5.04   0.2301879182
5.06   0.2301814989
5.08   0.2301750796
5.1   0.2301590313
5.12   0.2301249286
5.14   0.2301164029
5.16   0.2301078773
5.18   0.2300993516
5.2   0.2300716432
5.22   0.2300647161
5.24   0.230042203
5.26   0.2300365748
5.28   0.2300225041
5.3   0.2300013981
5.32   0.2299961216
5.34   0.2299829303
5.36   0.2299631434
5.38   0.22995325
5.4   0.2299433565
5.42   0.2299334631
5.44   0.2299013094
5.46   0.2299093478
5.48   0.2299013094
5.5   0.2298621221
5.52   0.2298719189
5.54   0.2298621221
5.56   0.2298449776
5.58   0.229819261
5.6   0.2298385485
5.62   0.2297975625
5.64   0.2298026858
5.66   0.2297898776
5.68   0.2297706655
5.7   0.2297610594
5.72   0.2297706655
5.74   0.2297394457
5.76   0.2297316408
5.78   0.2297238358
5.8   0.2297160309
5.82   0.229708226
5.84   0.229700421
5.86   0.2296750549
5.88   0.2296813965
5.9   0.2296750549
5.92   0.2296481035
5.94   0.2296413657
5.96   0.2296481035
5.98   0.2296363123
6   0.2296156776
6.02   0.2296105189
6.04   0.2296053602
6.06   0.2295924635
6.08   0.2295860152
6.1   0.2295795668
6.12   0.2295731185
6.14   0.2295666702
6.16   0.2295505493
6.18   0.2295424889
6.2   0.2295344284
6.22   0.2295424889
6.24   0.2295162925
6.26   0.2295097434
6.28   0.2295162925
6.3   0.2294999197
6.32   0.2294917334
6.34   0.229483547
6.36   0.2294753606
6.38   0.229483547
6.4   0.2294569413
6.42   0.2294502899
6.44   0.2294669184
6.46   0.2294419756
6.48   0.2294232684
6.5   0.229432622
6.52   0.2294419756
6.54   0.2294115765
6.56   0.2294039767
6.58   0.2294115765
6.6   0.2293868772
6.62   0.2294054017
6.64   0.229377615
6.66   0.229398455
6.68   0.229361985
6.7   0.2293711025
6.72   0.229361985
6.74   0.2293711025
6.76   0.2293266546
6.78   0.2293655465
6.8   0.2293363776
6.82   0.2293290854
6.84   0.2293363776
6.86   0.2293290854
6.88   0.2293217932
6.9   0.2292980934
6.92   0.2293277181
6.94   0.2292906873
6.96   0.229299945
6.98   0.2293092027
7   0.2292756435
7.02   0.2292840333
7.04   0.2292756435
7.06   0.2292840333
7.08   0.2292693512
7.1   0.2292620101
7.12   0.229254669
7.14   0.2292620101
7.16   0.229254669
7.18   0.229247328
7.2   0.2292399869
7.22   0.229247328
7.24   0.2292234695
7.26   0.2292294341
7.28   0.2292353987
7.3   0.2292204872
7.32   0.2291981198
7.34   0.2292372627
7.36   0.2292079056
7.38   0.2291858877
7.4   0.22921341
7.42   0.2292065294
7.44   0.2291841676
7.46   0.229189758
7.48   0.2291841676
7.5   0.229189758
7.52   0.2291757819
7.54   0.22918277
7.56   0.2291600587
7.58   0.2291657365
7.6   0.229179931
7.62   0.2291497676
7.64   0.2291573085
7.66   0.2291648493
7.68   0.2291403416
7.7   0.2291587224
7.72   0.2291311512
7.74   0.2291518296
7.76   0.2291363208
7.78   0.2291285664
7.8   0.2291363208
7.82   0.2291285664
7.84   0.229120812
7.86   0.2291285664
7.88   0.229120812
7.9   0.2291130576
7.92   0.2291053031
7.94   0.229130505
7.96   0.2290864018
7.98   0.2291249921
8   0.2290960493
8.02   0.2290888137
8.04   0.2290960493
8.06   0.229103285
8.08   0.2290960493
8.1   0.2290725334
8.12   0.2291019283
8.14   0.2290798821
8.16   0.2290743706
8.18   0.2290798821
8.2   0.2290743706
8.22   0.229068859
8.24   0.2290743706
8.26   0.2290798821
8.28   0.229056458
8.3   0.229062314
8.32   0.229056458
8.34   0.229062314
8.36   0.229056458
8.38   0.229062314
8.4   0.229047674
8.42   0.2290403539
8.44   0.229047674
8.46   0.229054994
8.48   0.229042184
8.5   0.2290357789
8.52   0.229042184
8.54   0.2290357789
8.56   0.2290293739
8.58   0.2290357789
8.6   0.2290293739
8.62   0.2290357789
8.64   0.2290197663
8.66   0.2290117601
8.68   0.2290377805
8.7   0.2290182652
8.72   0.2290280228
8.74   0.2289963104
8.76   0.2290359509
8.78   0.2289864003
8.8   0.2290297571
8.82   0.2290134983
8.84   0.2289891101
8.86   0.2290195954
8.88   0.2289967314
8.9   0.2290138794
8.92   0.2289881574
8.94   0.2290074489
8.96   0.2289978032
8.98   0.2289881574
9   0.2289978032
9.02   0.2289881574
9.04   0.2289785117
9.06   0.2290098603
9.08   0.2289706746
9.1   0.2290000639
9.12   0.2289780219
9.14   0.2289835324
9.16   0.2289780219
9.18   0.2289835324
9.2   0.2289780219
9.22   0.2289725114
9.24   0.2289780219
9.26   0.2289725114
9.28   0.2289670009
9.3   0.2289807771
9.32   0.2289601128
9.34   0.2289756111
9.36   0.2289678619
9.38   0.2289601128
9.4   0.2289523637
9.42   0.2289775483
9.44   0.2289586598
9.46   0.2289681041
9.48   0.2289374102
9.5   0.2289757775
9.52   0.2289470021
9.54   0.2289541959
9.56   0.2289613898
9.58   0.2289541959
9.6   0.2289416067
9.62   0.2289479013
9.64   0.2289541959
9.66   0.2289479013
9.68   0.2289416067
9.7   0.2289479013
9.72   0.2289416067
9.74   0.2289479013
9.76   0.2289416067
9.78   0.228935312
9.8   0.2289416067
9.82   0.2289479013
9.84   0.2289321647
9.86   0.2289242964
9.88   0.2289380659
9.9   0.2289449507
9.92   0.2289225752
9.94   0.2289393568
9.96   0.228930966
9.98   0.2289225752
10   0.228930966
10.02   0.2289393568
10.04   0.2289120867
10.06   0.2289325393
10.08   0.2289274262
10.1   0.228922313
10.12   0.2289274262
10.14   0.2289146433
10.16   0.2289210347
10.18   0.2289274262
10.2   0.2289210347
10.22   0.2289146433
10.24   0.2289082519
10.26   0.2289242304
10.28   0.2289162412
10.3   0.2289242304
10.32   0.2288982653
10.34   0.2289307217
10.36   0.2288901512
10.38   0.2289357931
10.4   0.2288958564
10.42   0.2289058406
10.44   0.2289158247
10.46   0.2289258089
10.48   0.2288771361
10.5   0.228931893
10.52   0.2288839807
10.54   0.228925904
10.56   0.2288892211
10.58   0.2289167332
10.6   0.2288960991
10.62   0.2289012577
10.64   0.2289064162
10.66   0.2288935199
10.68   0.228899968
10.7   0.2289064162
10.72   0.228899968
10.74   0.2288935199
10.76   0.228899968
10.78   0.2288935199
10.8   0.2288870717
10.82   0.2289031921
10.84   0.2289112523
10.86   0.2288719588
10.88   0.2289014289
10.9   0.2288940614
10.92   0.2288866939
10.94   0.2288940614
10.96   0.2288866939
10.98   0.2288940614
11   0.2289014289
11.02   0.2288774845
11.04   0.2288834706
11.06   0.2288894567
11.08   0.2288954428
11.1   0.2288804775
11.12   0.2288879602
11.14   0.2288804775
11.16   0.2288879602
11.18   0.2288954428
11.2   0.2288711242
11.22   0.2288772039
11.24   0.228892403
11.26   0.2288848034
11.28   0.2288772039
11.3   0.2288696043
11.32   0.2288943029
11.34   0.228875779
11.36   0.2288850409
11.38   0.228875779
11.4   0.228866517
11.42   0.2288966184
11.44   0.2288589917
11.46   0.2288872117
11.48   0.2288801567
11.5   0.2288731017
11.52   0.2288660467
11.54   0.2288889755
11.56   0.2288603145
11.58   0.2288818102
11.6   0.2288764363
11.62   0.2288630014
11.64   0.2288831537
11.66   0.2288680395
11.68   0.2288604824
11.7   0.228885043
11.72   0.2288666226
11.74   0.2288758328
11.76   0.2288666226
11.78   0.2288574123
11.8   0.2288873455
11.82   0.228849929
11.84   0.2288779914
11.86   0.2288709758
11.88   0.2288639602
11.9   0.2288709758
11.92   0.2288639602
11.94   0.2288569446
11.96   0.2288797453
11.98   0.2288512445
12   0.2288726201
12.02   0.2288672762
12.04   0.2288619323
12.06   0.2288672762
12.08   0.2288539164
12.1   0.2288739561
12.12   0.2288489065
12.14   0.2288676937
12.16   0.2288770873
12.18   0.2288465581
12.2   0.2288541904
12.22   0.2288789953
12.24   0.2288479892
12.26   0.2288557407
12.28   0.2288693059
12.3   0.2288625233
12.32   0.2288557407
12.34   0.2288489581
12.36   0.2288710016
12.38   0.228854469
12.4   0.2288627353
12.42   0.228854469
12.44   0.2288462027
12.46   0.2288730681
12.48   0.2288394863
12.5   0.2288646727
12.52   0.2288583761
12.54   0.2288520795
12.56   0.2288583761
12.58   0.2288520795
12.6   0.2288583761
12.62   0.2288520795
12.64   0.2288583761
12.66   0.2288520795
12.68   0.2288457829
12.7   0.2288520795
12.72   0.2288583761
12.74   0.2288646727
12.76   0.2288379122
12.78   0.2288579826
12.8   0.2288429298
12.82   0.2288655089
12.84   0.228837285
12.86   0.228858453
12.88   0.228853161
12.9   0.228847869
12.92   0.228842577
12.94   0.228855807
12.96   0.228849192
12.98   0.228855807
13   0.228849192
13.02   0.228842577
13.04   0.228849192
13.06   0.228842577
13.08   0.2288591144
13.1   0.2288508457
13.12   0.228842577
13.14   0.2288343082
13.16   0.2288611816
13.18   0.2288410266
13.2   0.2288561429
13.22   0.2288485847
13.24   0.228835358
13.26   0.2288419713
13.28   0.2288585048
13.3   0.2288337046
13.32   0.2288647048
13.34   0.2288259546
13.36   0.2288550173
13.38   0.2288477516
13.4   0.2288404859
13.42   0.2288332202
13.44   0.2288568337
13.46   0.2288391236
13.48   0.2288479786
13.5   0.2288391236
13.52   0.2288479786
13.54   0.2288391236
13.56   0.2288479786
13.58   0.2288391236
13.6   0.2288479786
13.62   0.2288391236
13.64   0.2288302686
13.66   0.2288590474
13.68   0.2288374633
13.7   0.2288428593
13.72   0.2288374633
13.74   0.2288428593
13.76   0.2288374633
13.78   0.2288428593
13.8   0.2288482554
13.82   0.2288347653
13.84   0.2288415103
13.86   0.2288347653
13.88   0.2288415103
13.9   0.2288482554
13.92   0.2288364515
13.94   0.2288305496
13.96   0.2288453044
13.98   0.2288526818
14   0.2288213279
14.02   0.2288448433
14.04   0.2288389645
14.06   0.2288330856
14.08   0.2288477828
14.1   0.2288404342
14.12   0.2288330856
14.14   0.228825737
14.16   0.2288496199
14.18   0.2288436492
14.2   0.2288287224
14.22   0.2288361858
14.24   0.2288436492
14.26   0.2288361858
14.28   0.2288287224
14.3   0.2288417833
14.32   0.2288483138
14.34   0.2288205593
14.36   0.2288413752
14.38   0.2288361712
14.4   0.2288413752
14.42   0.2288283652
14.44   0.2288348702
14.46   0.2288413752
14.48   0.2288348702
14.5   0.2288413752
14.52   0.2288251127
14.54   0.228833244
14.56   0.2288413752
14.58   0.228833244
14.6   0.2288413752
14.62   0.228833244
14.64   0.2288251127
14.66   0.2288393424
14.68   0.2288322276
14.7   0.2288393424
14.72   0.2288322276
14.74   0.2288393424
14.76   0.2288268915
14.78   0.2288331169
14.8   0.2288268915
14.82   0.2288424551
14.84   0.2288346733
14.86   0.2288268915
14.88   0.2288405096
14.9   0.2288337005
14.92   0.2288268915
14.94   0.2288337005
14.96   0.2288405096
14.98   0.2288285937
15   0.2288226358
15.02   0.2288375307
15.04   0.2288449781
15.06   0.2288207739
15.08   0.228826825
15.1   0.2288419526
15.12   0.2288343888
15.14   0.228826825
15.16   0.2288192611
15.18   0.2288438435
15.2   0.2288376979
15.22   0.2288223339
15.24   0.2288300159
15.26   0.2288376979
15.28   0.2288300159
15.3   0.2288223339
15.32   0.2288357774
15.34   0.2288424992
15.36   0.2288139318
15.38   0.2288353573
15.4   0.2288407137
15.42   0.2288179491
15.44   0.2288350226
15.46   0.2288264858
15.48   0.2288350226
15.5   0.2288264858
15.52   0.2288350226
15.54   0.2288264858
15.56   0.2288350226
15.58   0.2288264858
15.6   0.2288179491
15.62   0.2288456935
15.64   0.2288248852
15.66   0.2288300872
15.68   0.2288248852
15.7   0.2288300872
15.72   0.2288352893
15.74   0.2288222841
15.76   0.2288287867
15.78   0.2288352893
15.8   0.2288287867
15.82   0.2288222841
15.84   0.2288287867
15.86   0.2288352893
15.88   0.2288287867
15.9   0.2288222841
15.92   0.2288287867
15.94   0.2288352893
15.96   0.2288190328
15.98   0.2288271611
16   0.2288352893
16.02   0.2288271611
16.04   0.2288352893
16.06   0.2288210649
16.08   0.2288281771
16.1   0.2288210649
16.12   0.2288281771
16.14   0.2288352893
16.16   0.2288281771
16.18   0.2288210649
16.2   0.2288281771
16.22   0.2288352893
16.24   0.2288228429
16.26   0.2288290661
16.28   0.2288228429
16.3   0.2288290661
16.32   0.2288228429
16.34   0.2288290661
16.36   0.2288352893
16.38   0.2288197313
16.4   0.2288275103
16.42   0.2288197313
16.44   0.2288333446
16.46   0.228826538
16.48   0.2288333446
16.5   0.228821433
16.52   0.2288273888
16.54   0.228821433
16.56   0.2288273888
16.58   0.2288333446
16.6   0.2288184551
16.62   0.2288258998
16.64   0.2288333446
16.66   0.2288258998
16.68   0.2288184551
16.7   0.2288258998
16.72   0.2288333446
16.74   0.2288258998
16.76   0.2288184551
16.78   0.2288258998
16.8   0.2288333446
16.82   0.2288258998
16.84   0.2288184551
16.86   0.2288258998
16.88   0.2288333446
16.9   0.2288091492
16.92   0.2288393934
16.94   0.2288167102
16.96   0.2288337226
16.98   0.2288252164
17   0.2288167102
17.02   0.2288443554
17.04   0.228809799
17.06   0.2288184381
17.08   0.2288335565
17.1   0.2288259973
17.12   0.2288335565
17.14   0.228808989
17.16   0.2288396984
17.18   0.2288166664
17.2   0.2288224244
17.22   0.2288281824
17.24   0.2288224244
17.26   0.2288281824
17.28   0.2288224244
17.3   0.2288166664
17.32   0.2288310614
17.34   0.2288238639
17.36   0.2288310614
17.38   0.2288238639
17.4   0.2288166664
17.42   0.2288238639
17.44   0.2288310614
17.46   0.2288238639
17.48   0.2288166664
17.5   0.228829262
17.52   0.2288229642
17.54   0.228829262
17.56   0.2288229642
17.58   0.2288166664
17.6   0.2288324109
17.62   0.2288245386
17.64   0.2288166664
17.66   0.2288245386
17.68   0.2288166664
17.7   0.2288422512
17.72   0.2288102702
17.74   0.228834256
17.76   0.2288162666
17.78   0.2288252613
17.8   0.2288162666
17.82   0.2288252613
17.84   0.228834256
17.86   0.2288252613
17.88   0.2288162666
17.9   0.2288252613
17.92   0.2288162666
17.94   0.2288252613
17.96   0.228834256
17.98   0.2288050233
18   0.2288415641
18.02   0.2288141585
18.04   0.2288210099
18.06   0.2288278613
18.08   0.2288210099
18.1   0.2288278613
18.12   0.2288210099
18.14   0.2288141585
18.16   0.2288364256
18.18   0.2288197253
18.2   0.2288113751
18.22   0.2288385131
18.24   0.2288181596
18.26   0.2288130712
18.28   0.2288346968
18.3   0.2288184776
18.32   0.2288265872
18.34   0.2288184776
18.36   0.2288265872
18.38   0.2288184776
18.4   0.2288265872
18.42   0.2288184776
18.44   0.2288265872
18.46   0.2288184776
18.48   0.2288265872
18.5   0.2288184776
18.52   0.2288265872
18.54   0.2288184776
18.56   0.2288265872
18.58   0.2288184776
18.6   0.2288265872
18.62   0.2288184776
18.64   0.2288265872
18.66   0.2288184776
18.68   0.2288265872
18.7   0.2288184776
18.72   0.2288265872
18.74   0.2288184776
18.76   0.228810368
18.78   0.2288367242
18.8   0.2288301352
18.82   0.2288136625
18.84   0.2288218989
18.86   0.2288136625
18.88   0.2288218989
18.9   0.2288301352
18.92   0.2288218989
18.94   0.2288301352
18.96   0.2288157216
18.98   0.2288229284
19   0.2288157216
19.02   0.2288229284
19.04   0.2288301352
19.06   0.2288067132
19.08   0.2288359907
19.1   0.2288140325
19.12   0.2288305011
19.14   0.2288057982
19.16   0.2288366769
19.18   0.2288135179
19.2   0.2288308871
19.22   0.2288222025
19.24   0.2288135179
19.26   0.2288222025
19.28   0.2288135179
19.3   0.2288417429
19.32   0.2288064616
19.34   0.2288329226
19.36   0.2288130769
19.38   0.2288229997
19.4   0.2288329226
19.42   0.2288006733
19.44   0.2288409849
19.46   0.2288057123
19.48   0.2288321667
19.5   0.2288123259
19.52   0.2288222463
19.54   0.2288321667
19.56   0.2288222463
19.58   0.2288123259
19.6   0.2288222463
19.62   0.2288321667
19.64   0.2287999253
19.66   0.2288402271
19.68   0.2288150385
19.7   0.2288213356
19.72   0.2288150385
19.74   0.2288307814
19.76   0.2288229099
19.78   0.2288150385
19.8   0.2288229099
19.82   0.2288150385
19.84   0.2288229099
19.86   0.2288307814
19.88   0.2288170064
19.9   0.2288101188
19.92   0.2288325032
19.94   0.2288269071
19.96   0.2288129169
19.98   0.228819912
20   0.2288269071
