0.02   0.1188356018
0.04   0.1187413109
0.06   0.1185939813
0.08   0.1184190274
0.1   0.1181948677
0.12   0.117977713
0.14   0.1177537722
0.16   0.1175228333
0.18   0.1172702438
0.2   0.1170255478
0.22   0.116773205
0.24   0.1165287479
0.26   0.1162766516
0.28   0.1160324332
0.3   0.1157653194
0.32   0.1155232475
0.34   0.1152887404
0.36   0.1150175915
0.38   0.1147718628
0.4   0.1145338132
0.42   0.1142883245
0.44   0.1140351642
0.46   0.1138057378
0.48   0.1135548026
0.5   0.1133117091
0.52   0.1130914057
0.54   0.1128504488
0.56   0.112601962
0.58   0.1123923012
0.6   0.112149881
0.62   0.1119301876
0.64   0.1117036289
0.66   0.1114841501
0.68   0.1112578126
0.7   0.1110385481
0.72   0.1108398397
0.74   0.1106100831
0.76   0.1104018662
0.78   0.110200156
0.8   0.1099921425
0.82   0.1097776285
0.84   0.1095832251
0.86   0.1093827467
0.88   0.1091885332
0.9   0.1090003889
0.92   0.1087946061
0.94   0.1086081154
0.96   0.1084274525
0.98   0.1082298525
1   0.1080507775
1.02   0.1078772986
1.04   0.1076875561
1.06   0.1075156019
1.08   0.1073382741
1.1   0.1071664879
1.12   0.1070000699
1.14   0.1068388525
1.16   0.106662521
1.18   0.1065027206
1.2   0.1063329326
1.22   0.106189674
1.24   0.1060195545
1.26   0.1058653836
1.28   0.1057208484
1.3   0.1055672798
1.32   0.1054041131
1.34   0.1052766391
1.36   0.1051252638
1.38   0.1049833494
1.4   0.1048503047
1.42   0.1046923141
1.44   0.1045639467
1.46   0.1044436023
1.48   0.1042856502
1.5   0.1041770582
1.52   0.1040345312
1.54   0.1039187279
1.56   0.1037812116
1.58   0.1036694796
1.6   0.1035367978
1.62   0.1034289939
1.64   0.1033009767
1.66   0.1031809606
1.68   0.1030834475
1.7   0.1029554616
1.72   0.1028514731
1.74   0.1027409852
1.76   0.1026374029
1.78   0.1025273466
1.8   0.1024241689
1.82   0.1023145425
1.84   0.1022254711
1.86   0.1021196989
1.88   0.1020205373
1.9   0.1019399686
1.92   0.101824151
1.94   0.1017445265
1.96   0.1016549488
1.98   0.1015597726
2   0.1014705448
2.02   0.1013757404
2.04   0.1013105623
2.06   0.1012046479
2.08   0.1011318318
2.1   0.1010499137
2.12   0.1009833552
2.14   0.1008918373
2.16   0.100817479
2.18   0.1007338259
2.2   0.1006763143
2.22   0.100597236
2.24   0.1005280425
2.26   0.1004501998
2.28   0.1003820874
2.3   0.100305461
2.32   0.1002575694
2.34   0.1001797457
2.36   0.1001311059
2.38   0.1000520662
2.4   0.1000026664
2.42   0.09992239165
2.44   0.09987723712
2.46   0.09981514965
2.48   0.09976082311
2.5   0.0997132874
2.52   0.09964792578
2.54   0.09959073437
2.56   0.09954069188
2.58   0.09949690471
2.6   0.09943669734
2.62   0.09939906774
2.64   0.09933321593
2.66   0.0993085215
2.68   0.09923752502
2.7   0.09921090134
2.72   0.09915432602
2.74   0.09911896645
2.76   0.09907476698
2.78   0.09902504258
2.8   0.09899396483
2.82   0.09893957876
2.84   0.09891918399
2.86   0.09886054901
2.88   0.0988385609
2.9   0.09880008169
2.92   0.09875198269
2.94   0.09873394556
2.96   0.09869561667
2.98   0.09866687
3   0.09861656333
3.02   0.09859769832
3.04   0.09856940082
3.06   0.09853402894
3.08   0.09848981409
3.1   0.09848428724
3.12   0.09844698096
3.14   0.09841900125
3.16   0.09839801647
3.18   0.0983612931
3.2   0.09835211226
3.22   0.0983188317
3.24   0.09829387129
3.26   0.09826267077
3.28   0.09825487064
3.3   0.09822172009
3.32   0.09821343245
3.34   0.09817303022
3.36   0.09816797994
3.38   0.09814651625
3.4   0.09811968665
3.42   0.09811297924
3.44   0.09809118019
3.46   0.09806393137
3.48   0.09805711916
3.5   0.0980451978
3.52   0.09802433543
3.54   0.09799825745
3.56   0.09800477695
3.58   0.0979770691
3.6   0.09795628821
3.62   0.09796148344
3.64   0.09793940375
3.66   0.09792284398
3.68   0.09791456409
3.7   0.09790628421
3.72   0.09789800433
3.74   0.09788972444
3.76   0.09786281482
3.78   0.09786954223
3.8   0.09785776927
3.82   0.09784010983
3.84   0.09783128011
3.86   0.09784010983
3.88   0.09782465782
3.9   0.09781693181
3.92   0.09780920581
3.94   0.0978014798
3.96   0.0977937538
3.98   0.09778602779
4   0.0977937538
4.02   0.09778023329
4.04   0.09777347304
4.06   0.09776671278
4.08   0.09777347304
4.1   0.09776671278
4.12   0.09775995253
4.14   0.09775319227
4.16   0.09775995253
4.18   0.09775319227
4.2   0.09774643202
4.22   0.09775319227
4.24   0.09774643202
4.26   0.09775319227
4.28   0.09774643202
4.3   0.09773967177
4.32   0.09774643202
4.34   0.09773967177
4.36   0.09774643202
4.38   0.09775319227
4.4   0.09774643202
4.42   0.09773967177
4.44   0.09774643202
4.46   0.09775319227
4.48   0.09774643202
4.5   0.09775319227
4.52   0.09775995253
4.54   0.09775319227
4.56   0.09775995253
4.58   0.09776671278
4.6   0.09775995253
4.62   0.09776671278
4.64   0.09777347304
4.66   0.09776671278
4.68   0.09778868361
4.7   0.09777220549
4.72   0.09779692267
4.74   0.09777838478
4.76   0.09780619161
4.78   0.09778533649
4.8   0.09781140539
4.82   0.09780488817
4.84   0.09781140539
4.86   0.09781792262
4.88   0.09782443984
4.9   0.09783095707
4.92   0.09782443984
4.94   0.0978407329
4.96   0.09784887943
4.98   0.09785702597
5   0.09784887943
5.02   0.09786313586
5.04   0.09787026408
5.06   0.09787739229
5.08   0.09788452051
5.1   0.09789164872
5.12   0.09789877694
5.14   0.09789164872
5.16   0.09791481542
5.18   0.0979206071
5.2   0.09792639877
5.22   0.09793219045
5.24   0.09793798212
5.26   0.0979437738
5.28   0.09794956547
5.3   0.09796404466
5.32   0.09797128425
5.34   0.09797852384
5.36   0.09798576344
5.38   0.09799300303
5.4   0.09800024262
5.42   0.09800748222
5.44   0.0980201515
5.46   0.09802648615
5.48   0.09804232276
5.5   0.09803440445
5.52   0.09806013894
5.54   0.09805370532
5.56   0.09806978938
5.58   0.09807783141
5.6   0.09809190496
5.62   0.09809894173
5.64   0.09810597851
5.66   0.09811301528
5.68   0.09812005206
5.7   0.09813236641
5.72   0.09813852359
5.74   0.09815391654
5.76   0.09816161301
5.78   0.09816930948
5.8   0.09817700596
5.82   0.09818470243
5.84   0.09819817126
5.86   0.09820490567
5.88   0.09821669089
5.9   0.09823436873
5.92   0.09822552981
5.94   0.09825425629
5.96   0.09824707467
5.98   0.09827041494
6   0.09827625001
6.02   0.09828208507
6.04   0.09828792014
6.06   0.09830250781
6.08   0.09830980164
6.1   0.0983335066
6.12   0.09832758036
6.14   0.09834239596
6.16   0.09834980376
6.18   0.09836276741
6.2   0.09838221288
6.22   0.09837249015
6.24   0.09838950494
6.26   0.09841502712
6.28   0.09840864658
6.3   0.09841502712
6.32   0.09843097849
6.34   0.09845490554
6.36   0.09844892377
6.38   0.09845490554
6.4   0.09846985994
6.42   0.09849229155
6.44   0.09848668365
6.46   0.0985007034
6.48   0.09852173304
6.5   0.09852699044
6.52   0.09853224785
6.54   0.09853750526
6.56   0.09855064878
6.58   0.09857036406
6.6   0.0985802217
6.62   0.09857036406
6.64   0.09860240139
6.66   0.09861041072
6.68   0.09860240139
6.7   0.09862843172
6.72   0.0986349393
6.74   0.09864144689
6.76   0.09865771584
6.78   0.09866585032
6.8   0.0986739848
6.82   0.09868211928
6.84   0.09869635462
6.86   0.09870347229
6.88   0.09872660471
6.9   0.0987208216
6.92   0.09873527937
6.94   0.09874250825
6.96   0.09876600212
6.98   0.09876012865
7   0.09877481232
7.02   0.09878215415
7.04   0.09880601511
7.06   0.09880004987
7.08   0.09881496297
7.1   0.09883733262
7.12   0.09883174021
7.14   0.09884572124
7.16   0.09885271175
7.18   0.09886494515
7.2   0.09888329526
7.22   0.09887412021
7.24   0.09890393912
7.26   0.09889648439
7.28   0.09892071226
7.3   0.09892676923
7.32   0.0989328262
7.34   0.09894796862
7.36   0.09895553983
7.38   0.09896311104
7.4   0.09897068225
7.42   0.09898393186
7.44   0.09900380629
7.46   0.09899386907
7.48   0.0990112592
7.5   0.09903734438
7.52   0.09903082308
7.54   0.09903734438
7.56   0.09904386567
7.58   0.09906016891
7.6   0.09908462377
7.62   0.09907851006
7.64   0.09908462377
7.66   0.09909990806
7.68   0.0991075502
7.7   0.09911519234
7.72   0.0991285661
7.74   0.09914862672
7.76   0.09914361156
7.78   0.09915614946
7.8   0.0991624184
7.82   0.09917809077
7.84   0.09918592695
7.86   0.09919376313
7.88   0.09920159931
7.9   0.09920943549
7.92   0.09921727168
7.94   0.09923098499
7.96   0.09923784165
7.98   0.0992601258
8   0.09925455476
8.02   0.09926848235
8.04   0.09927544614
8.06   0.09928240994
8.08   0.09928937373
8.1   0.09931200607
8.12   0.09930634798
8.14   0.09932049319
8.16   0.099341711
8.18   0.09933640655
8.2   0.099341711
8.22   0.09935497214
8.24   0.09937486383
8.26   0.09936491798
8.28   0.09939724199
8.3   0.09938916099
8.32   0.09939724199
8.34   0.099405323
8.36   0.09941946475
8.38   0.09942653563
8.4   0.09943890966
8.42   0.09944509668
8.44   0.0994512837
8.46   0.09946675124
8.48   0.09947448501
8.5   0.09948221879
8.52   0.09947448501
8.54   0.09949961977
8.56   0.09950590346
8.58   0.09951218715
8.6   0.09951847084
8.62   0.09953418007
8.64   0.09954203468
8.66   0.09954988929
8.68   0.09954203468
8.7   0.09956756217
8.72   0.09957394404
8.74   0.09958032591
8.76   0.09958670778
8.78   0.09959308966
8.8   0.09959947153
8.82   0.09961542621
8.84   0.09962340355
8.86   0.09963138089
8.88   0.09963935823
8.9   0.09963138089
8.92   0.09965730725
8.94   0.09966378884
8.96   0.09967027043
8.98   0.09967675201
9   0.0996832336
9.02   0.09968971519
9.04   0.09969619678
9.06   0.09971240075
9.08   0.09972050274
9.1   0.09971240075
9.12   0.09973873221
9.14   0.09973214935
9.16   0.09974860651
9.18   0.09975683509
9.2   0.09976506367
9.22   0.09977329225
9.24   0.09976506367
9.26   0.09979180655
9.28   0.09979849227
9.3   0.09979180655
9.32   0.09981353514
9.34   0.099808103
9.36   0.09982168337
9.38   0.09982847355
9.4   0.09984035638
9.42   0.09984629779
9.44   0.0998522392
9.46   0.09985818061
9.48   0.09986412203
9.5   0.09987897556
9.52   0.09988640232
9.54   0.09987897556
9.56   0.09990311255
9.58   0.0998970783
9.6   0.09991216392
9.62   0.09991970672
9.64   0.09992724953
9.66   0.09991970672
9.68   0.09994422085
9.7   0.09993809232
9.72   0.09995341365
9.74   0.09996107432
9.76   0.09996873498
9.78   0.09997639565
9.8   0.09998405631
9.82   0.09997639565
9.84   0.1000012928
9.86   0.09999506852
9.88   0.1000106292
9.9   0.1000184096
9.92   0.1000106292
9.94   0.1000359154
9.96   0.1000295939
9.98   0.1000453977
10   0.1000532997
10.02   0.1000453977
10.04   0.1000592261
10.06   0.1000799687
10.08   0.1000644118
10.1   0.1000877472
10.12   0.1000819133
10.14   0.1000964979
10.16   0.1001037902
10.18   0.1001110825
10.2   0.1001037902
10.22   0.1001274902
10.24   0.1001215652
10.26   0.1001363777
10.28   0.100143784
10.3   0.1001363777
10.32   0.1001493387
10.34   0.1001687801
10.36   0.1001590594
10.38   0.1001687801
10.4   0.1001785008
10.42   0.1001882215
10.44   0.1001785008
10.46   0.100195512
10.48   0.1002040176
10.5   0.1002125233
10.52   0.1002040176
10.54   0.1002316609
10.56   0.1002247501
10.58   0.1002316609
10.6   0.1002385717
10.62   0.1002454825
10.64   0.1002523933
10.66   0.1002454825
10.68   0.1002679427
10.7   0.1002623276
10.72   0.1002763652
10.74   0.100283384
10.76   0.1002763652
10.78   0.1002991763
10.8   0.1002934735
10.82   0.1002991763
10.84   0.1003134332
10.86   0.1003063048
10.88   0.1003294723
10.9   0.1003236804
10.92   0.1003294723
10.94   0.1003352642
10.96   0.100341056
10.98   0.1003468479
11   0.1003613276
11.02   0.1003540878
11.04   0.1003613276
11.06   0.1003739973
11.08   0.1003803322
11.1   0.1003739973
11.12   0.1003898345
11.14   0.1003977531
11.16   0.1003898345
11.18   0.100403692
11.2   0.1004106208
11.22   0.1004175496
11.24   0.1004244783
11.26   0.1004175496
11.28   0.1004244783
11.3   0.1004366036
11.32   0.1004426663
11.34   0.100448729
11.36   0.1004547916
11.38   0.100448729
11.4   0.1004638856
11.42   0.100471464
11.44   0.1004638856
11.46   0.1004771477
11.48   0.1004837787
11.5   0.1004904098
11.52   0.1004837787
11.54   0.1005003563
11.56   0.1005086451
11.58   0.1005003563
11.6   0.1005086451
11.62   0.1005169339
11.64   0.1005252227
11.66   0.1005335115
11.68   0.1005252227
11.7   0.1005335115
11.72   0.1005480169
11.74   0.1005552696
11.76   0.1005480169
11.78   0.1005552696
11.8   0.1005625223
11.82   0.100569775
11.84   0.1005625223
11.86   0.1005752146
11.88   0.1005815607
11.9   0.1005879068
11.92   0.1005942529
11.94   0.1005879068
11.96   0.1006037721
11.98   0.1005958394
12   0.1006097215
12.02   0.1006166626
12.04   0.1006236037
12.06   0.1006166626
12.08   0.1006236037
12.1   0.1006305447
12.12   0.1006374858
12.14   0.1006444268
12.16   0.1006513679
12.18   0.1006444268
12.2   0.1006513679
12.22   0.100658309
12.24   0.10066525
12.26   0.1006721911
12.28   0.10066525
12.3   0.1006773969
12.32   0.1006834703
12.34   0.1006895437
12.36   0.1006834703
12.38   0.1006986539
12.4   0.1006910621
12.42   0.1007043477
12.44   0.1007109905
12.46   0.1007176333
12.48   0.1007109905
12.5   0.1007176333
12.52   0.1007242761
12.54   0.100730919
12.56   0.1007242761
12.58   0.1007408832
12.6   0.1007491867
12.62   0.1007408832
12.64   0.1007491867
12.66   0.1007574902
12.68   0.1007491867
12.7   0.1007574902
12.72   0.1007657937
12.74   0.1007740972
12.76   0.1007657937
12.78   0.1007803249
12.8   0.1007875904
12.82   0.1007803249
12.84   0.1007875904
12.86   0.100794856
12.88   0.1008021216
12.9   0.100794856
12.92   0.1008075708
12.94   0.1008139281
12.96   0.1008075708
12.98   0.1008234642
13   0.1008155175
13.02   0.1008234642
13.04   0.1008314109
13.06   0.1008393577
13.08   0.1008314109
13.1   0.1008393577
13.12   0.1008473044
13.14   0.1008393577
13.16   0.1008651845
13.18   0.1008458144
13.2   0.1008554994
13.22   0.1008651845
13.24   0.1008748696
13.26   0.1008651845
13.28   0.1008748696
13.3   0.1008845546
13.32   0.1008748696
13.34   0.1008845546
13.36   0.1008942397
13.38   0.1008845546
13.4   0.1008942397
13.42   0.1009039248
13.44   0.1008942397
13.46   0.1009039248
13.48   0.1009136098
13.5   0.1009232949
13.52   0.1009136098
13.54   0.1009232949
13.56   0.1009136098
13.58   0.1009232949
13.6   0.10093298
13.62   0.100942665
13.64   0.10093298
13.66   0.100942665
13.68   0.1009523501
13.7   0.100942665
13.72   0.1009523501
13.74   0.100942665
13.76   0.1009741415
13.78   0.1009505342
13.8   0.1009682397
13.82   0.1009770924
13.84   0.1009682397
13.86   0.1009770924
13.88   0.1009682397
13.9   0.1009770924
13.92   0.1009859452
13.94   0.1009947979
13.96   0.1009859452
13.98   0.1009947979
14   0.1010036507
14.02   0.1009947979
14.04   0.1010036507
14.06   0.1010125035
14.08   0.1010036507
14.1   0.1010125035
14.12   0.1010213562
14.14   0.1010125035
14.16   0.1010213562
14.18   0.101030209
14.2   0.1010390617
14.22   0.101030209
14.24   0.1010390617
14.26   0.101030209
14.28   0.1010390617
14.3   0.1010479145
14.32   0.1010390617
14.34   0.1010545541
14.36   0.1010623002
14.38   0.1010545541
14.4   0.1010623002
14.42   0.1010545541
14.44   0.1010623002
14.46   0.1010700464
14.48   0.1010777925
14.5   0.1010700464
14.52   0.1010777925
14.54   0.1010855387
14.56   0.1010777925
14.58   0.1010855387
14.6   0.1010932849
14.62   0.1010855387
14.64   0.1010932849
14.66   0.101101031
14.68   0.1010932849
14.7   0.1011068407
14.72   0.1011136185
14.74   0.1011068407
14.76   0.1011136185
14.78   0.1011068407
14.8   0.1011136185
14.82   0.1011203964
14.84   0.1011271743
14.86   0.1011203964
14.88   0.1011322577
14.9   0.1011381884
14.92   0.1011322577
14.94   0.1011381884
14.96   0.1011322577
14.98   0.1011381884
15   0.1011441191
15.02   0.1011500497
15.04   0.1011559804
15.06   0.1011500497
15.08   0.1011559804
15.1   0.1011500497
15.12   0.1011648764
15.14   0.101157463
15.16   0.1011648764
15.18   0.1011722897
15.2   0.1011648764
15.22   0.1011778497
15.24   0.1011843363
15.26   0.1011778497
15.28   0.101171363
15.3   0.1011875796
15.32   0.1011794713
15.34   0.1011875796
15.36   0.101195688
15.38   0.1011875796
15.4   0.101195688
15.42   0.1012037963
15.44   0.101195688
15.46   0.1012037963
15.48   0.1012119046
15.5   0.1012037963
15.52   0.1012119046
15.54   0.1012200129
15.56   0.1012119046
15.58   0.1012200129
15.6   0.1012119046
15.62   0.1012260942
15.64   0.1012331889
15.66   0.1012260942
15.68   0.1012331889
15.7   0.1012260942
15.72   0.1012331889
15.74   0.1012402837
15.76   0.1012331889
15.78   0.1012402837
15.8   0.1012473785
15.82   0.1012544733
15.84   0.1012473785
15.86   0.1012402837
15.88   0.1012526996
15.9   0.1012589075
15.92   0.1012651154
15.94   0.1012589075
15.96   0.1012526996
15.98   0.1012682194
16   0.1012604595
16.02   0.1012682194
16.04   0.1012759793
16.06   0.1012682194
16.08   0.1012759793
16.1   0.1012837392
16.12   0.1012759793
16.14   0.1012837392
16.16   0.1012914991
16.18   0.1012837392
16.2   0.1012914991
16.22   0.1012837392
16.24   0.1012914991
16.26   0.1012992591
16.28   0.1012914991
16.3   0.1012992591
16.32   0.101307019
16.34   0.1012992591
16.36   0.101307019
16.38   0.1012992591
16.4   0.1013128389
16.42   0.1013196288
16.44   0.1013128389
16.46   0.101306049
16.48   0.1013281162
16.5   0.1013115658
16.52   0.101319841
16.54   0.1013281162
16.56   0.101319841
16.58   0.1013281162
16.6   0.1013363915
16.62   0.1013281162
16.64   0.1013363915
16.66   0.1013446667
16.68   0.1013363915
16.7   0.1013281162
16.72   0.1013425979
16.74   0.1013498387
16.76   0.1013425979
16.78   0.1013498387
16.8   0.1013425979
16.82   0.1013498387
16.84   0.1013570795
16.86   0.1013643203
16.88   0.1013570795
16.9   0.1013498387
16.92   0.1013570795
16.94   0.1013643203
16.96   0.1013715612
16.98   0.1013643203
17   0.1013715612
17.02   0.1013643203
17.04   0.1013715612
17.06   0.101378802
17.08   0.1013715612
17.1   0.101378802
17.12   0.1013860428
17.14   0.101378802
17.16   0.1013715612
17.18   0.1013950938
17.2   0.1013774443
17.22   0.1013862691
17.24   0.1013950938
17.26   0.1013862691
17.28   0.1013950938
17.3   0.1014039186
17.32   0.1013950938
17.34   0.1014039186
17.36   0.1013950938
17.38   0.1014039186
17.4   0.1013950938
17.42   0.1014039186
17.44   0.1014127433
17.46   0.1014039186
17.48   0.1014127433
17.5   0.1014215681
17.52   0.1014127433
17.54   0.1014215681
17.56   0.1014127433
17.58   0.1014215681
17.6   0.1014127433
17.62   0.1014215681
17.64   0.1014303928
17.66   0.1014215681
17.68   0.1014303928
17.7   0.1014215681
17.72   0.1014370114
17.74   0.1014292897
17.76   0.1014370114
17.78   0.101444733
17.8   0.1014370114
17.82   0.1014292897
17.84   0.1014370114
17.86   0.101444733
17.88   0.1014524547
17.9   0.101444733
17.92   0.1014370114
17.94   0.1014505243
17.96   0.1014572807
17.98   0.1014505243
18   0.1014437678
18.02   0.1014555916
18.04   0.1014615035
18.06   0.1014555916
18.08   0.1014615035
18.1   0.1014555916
18.12   0.1014615035
18.14   0.1014674154
18.16   0.1014615035
18.18   0.1014674154
18.2   0.1014733273
18.22   0.1014674154
18.24   0.1014733273
18.26   0.1014674154
18.28   0.1014733273
18.3   0.1014792392
18.32   0.1014733273
18.34   0.1014792392
18.36   0.101485151
18.38   0.1014792392
18.4   0.101485151
18.42   0.1014792392
18.44   0.101485151
18.46   0.1014910629
18.48   0.101485151
18.5   0.1014910629
18.52   0.1014969748
18.54   0.1014910629
18.56   0.1014969748
18.58   0.1014910629
18.6   0.1014969748
18.62   0.1015028867
18.64   0.1014969748
18.66   0.1015028867
18.68   0.1014969748
18.7   0.1015028867
18.72   0.1015087986
18.74   0.1015028867
18.76   0.1015087986
18.78   0.1015147105
18.8   0.1015087986
18.82   0.1015147105
18.84   0.1015087986
18.86   0.1015147105
18.88   0.1015206224
18.9   0.1015147105
18.92   0.1015206224
18.94   0.1015147105
18.96   0.1015206224
18.98   0.1015265343
19   0.1015206224
19.02   0.1015265343
19.04   0.1015206224
19.06   0.1015265343
19.08   0.1015324462
19.1   0.1015265343
19.12   0.1015324462
19.14   0.1015383581
19.16   0.1015324462
19.18   0.1015383581
19.2   0.1015324462
19.22   0.1015383581
19.24   0.1015324462
19.26   0.1015472259
19.28   0.101539836
19.3   0.1015472259
19.32   0.101539836
19.34   0.1015472259
19.36   0.101539836
19.38   0.1015472259
19.4   0.1015546158
19.42   0.1015472259
19.44   0.1015546158
19.46   0.1015472259
19.48   0.1015546158
19.5   0.1015472259
19.52   0.1015546158
19.54   0.1015620056
19.56   0.1015546158
19.58   0.1015620056
19.6   0.1015546158
19.62   0.1015620056
19.64   0.1015693955
19.66   0.1015620056
19.68   0.1015693955
19.7   0.1015620056
19.72   0.1015693955
19.74   0.1015620056
19.76   0.1015693955
19.78   0.1015767854
19.8   0.1015693955
19.82   0.1015767854
19.84   0.1015693955
19.86   0.1015767854
19.88   0.1015693955
19.9   0.1015767854
19.92   0.1015841752
19.94   0.1015767854
19.96   0.1015841752
19.98   0.1015767854
20   0.1015841752
