0.000000 0.429772
0.050000 0.445766
0.100000 0.461391
0.150000 0.476650
0.200000 0.491545
0.250000 0.506079
0.300000 0.520256
0.350000 0.534079
0.400000 0.547553
0.450000 0.560680
0.500000 0.573465
0.550000 0.585914
0.600000 0.598029
0.650000 0.609816
0.700000 0.621280
0.750000 0.632426
0.800000 0.643258
0.850000 0.653784
0.900000 0.664007
0.950000 0.673933
1.000000 0.683568
1.050000 0.692919
1.100000 0.701989
1.150000 0.710786
1.200000 0.719316
1.250000 0.727583
1.300000 0.735595
1.350000 0.743356
1.400000 0.750874
1.450000 0.758154
1.500000 0.765202
1.550000 0.772023
1.600000 0.778624
1.650000 0.785011
1.700000 0.791189
1.750000 0.797164
1.800000 0.802941
1.850000 0.808527
1.900000 0.813927
1.950000 0.819145
2.000000 0.824188
2.050000 0.829061
2.100000 0.833768
2.150000 0.838315
2.200000 0.842707
2.250000 0.846949
2.300000 0.851045
2.350000 0.855000
2.400000 0.858819
2.450000 0.862506
2.500000 0.866065
2.550000 0.869500
2.600000 0.872817
2.650000 0.876018
2.700000 0.879107
2.750000 0.882089
2.800000 0.884967
2.850000 0.887744
2.900000 0.890425
2.950000 0.893012
3.000000 0.895509
3.050000 0.897919
3.100000 0.900245
3.150000 0.902490
3.200000 0.904656
3.250000 0.906748
3.300000 0.908767
3.350000 0.910716
3.400000 0.912597
3.450000 0.914414
3.500000 0.916168
3.550000 0.917862
3.600000 0.919498
3.650000 0.921077
3.700000 0.922603
3.750000 0.924077
3.800000 0.925501
3.850000 0.926878
3.900000 0.928207
3.950000 0.929493
4.000000 0.930735
4.050000 0.931936
4.100000 0.933097
4.150000 0.934221
4.200000 0.935307
4.250000 0.936358
4.300000 0.937375
4.350000 0.938359
4.400000 0.939312
4.450000 0.940234
4.500000 0.941127
4.550000 0.941992
4.600000 0.942830
4.650000 0.943642
4.700000 0.944428
4.750000 0.945191
4.800000 0.945931
4.850000 0.946648
4.900000 0.947344
4.950000 0.948019
5.000000 0.948674
5.050000 0.949311
5.100000 0.949928
5.150000 0.950528
5.200000 0.951112
5.250000 0.951678
5.300000 0.952229
5.350000 0.952765
5.400000 0.953286
5.450000 0.953792
5.500000 0.954286
5.550000 0.954766
5.600000 0.955234
5.650000 0.955689
5.700000 0.956133
5.750000 0.956565
5.800000 0.956987
5.850000 0.957398
5.900000 0.957799
5.950000 0.958191
6.000000 0.958573
6.050000 0.958946
6.100000 0.959310
6.150000 0.959666
6.200000 0.960014
6.250000 0.960354
6.300000 0.960687
6.350000 0.961012
6.400000 0.961330
6.450000 0.961642
6.500000 0.961946
6.550000 0.962245
6.600000 0.962537
6.650000 0.962824
6.700000 0.963104
6.750000 0.963380
6.800000 0.963649
6.850000 0.963914
6.900000 0.964174
6.950000 0.964429
7.000000 0.964679
7.050000 0.964924
7.100000 0.965165
7.150000 0.965402
7.200000 0.965635
7.250000 0.965864
7.300000 0.966088
7.350000 0.966309
7.400000 0.966527
7.450000 0.966740
7.500000 0.966951
7.550000 0.967158
7.600000 0.967361
7.650000 0.967562
7.700000 0.967759
7.750000 0.967953
7.800000 0.968145
7.850000 0.968333
7.900000 0.968519
7.950000 0.968702
8.000000 0.968882
8.050000 0.969060
8.100000 0.969235
8.150000 0.969408
8.200000 0.969578
8.250000 0.969746
8.300000 0.969912
8.350000 0.970075
8.400000 0.970236
8.450000 0.970395
8.500000 0.970552
8.550000 0.970707
8.600000 0.970860
8.650000 0.971010
8.700000 0.971159
8.750000 0.971306
8.800000 0.971451
8.850000 0.971594
8.900000 0.971735
8.950000 0.971875
9.000000 0.972013
9.050000 0.972148
9.100000 0.972283
9.150000 0.972415
9.200000 0.972546
9.250000 0.972675
9.300000 0.972803
9.350000 0.972929
9.400000 0.973054
9.450000 0.973177
9.500000 0.973298
9.550000 0.973418
9.600000 0.973536
9.650000 0.973653
9.700000 0.973768
9.750000 0.973882
9.800000 0.973995
9.850000 0.974106
9.900000 0.974216
9.950000 0.974324
10.000000 0.974431
10.050000 0.974536
10.100000 0.974640
10.150000 0.974743
10.200000 0.974844
10.250000 0.974944
10.300000 0.975043
10.350000 0.975141
10.400000 0.975237
10.450000 0.975331
10.500000 0.975425
10.550000 0.975517
10.600000 0.975608
10.650000 0.975698
10.700000 0.975786
10.750000 0.975873
10.800000 0.975959
10.850000 0.976043
10.900000 0.976127
10.950000 0.976209
11.000000 0.976289
11.050000 0.976369
11.100000 0.976447
11.150000 0.976524
11.200000 0.976600
11.250000 0.976674
11.300000 0.976748
11.350000 0.976820
11.400000 0.976891
11.450000 0.976960
11.500000 0.977029
11.550000 0.977096
11.600000 0.977161
11.650000 0.977226
11.700000 0.977289
11.750000 0.977352
11.800000 0.977412
11.850000 0.977472
11.900000 0.977530
11.950000 0.977587
12.000000 0.977643
12.050000 0.977698
12.100000 0.977751
12.150000 0.977803
12.200000 0.977854
12.250000 0.977903
12.300000 0.977951
12.350000 0.977998
12.400000 0.978044
12.450000 0.978088
12.500000 0.978131
12.550000 0.978173
12.600000 0.978213
12.650000 0.978252
12.700000 0.978289
12.750000 0.978325
12.800000 0.978360
12.850000 0.978393
12.900000 0.978425
12.950000 0.978456
13.000000 0.978485
13.050000 0.978513
13.100000 0.978539
13.150000 0.978564
13.200000 0.978587
13.250000 0.978608
13.300000 0.978628
13.350000 0.978647
13.400000 0.978664
13.450000 0.978679
13.500000 0.978693
13.550000 0.978705
13.600000 0.978715
13.650000 0.978724
13.700000 0.978731
13.750000 0.978736
13.800000 0.978740
13.850000 0.978741
13.900000 0.978741
13.950000 0.978739
14.000000 0.978735
14.050000 0.978729
14.100000 0.978721
14.150000 0.978710
14.200000 0.978698
14.250000 0.978684
14.300000 0.978667
14.350000 0.978648
14.400000 0.978627
14.450000 0.978604
14.500000 0.978578
14.550000 0.978550
14.600000 0.978519
14.650000 0.978486
14.700000 0.978449
14.750000 0.978411
14.800000 0.978369
14.850000 0.978324
14.900000 0.978277
14.950000 0.978226
15.000000 0.978173
15.050000 0.978116
15.100000 0.978056
15.150000 0.977992
15.200000 0.977925
15.250000 0.977854
15.300000 0.977779
15.350000 0.977701
15.400000 0.977619
15.450000 0.977532
15.500000 0.977441
15.550000 0.977346
15.600000 0.977246
15.650000 0.977141
15.700000 0.977032
15.750000 0.976917
15.800000 0.976797
15.850000 0.976672
15.900000 0.976541
15.950000 0.976405
16.000000 0.976262
16.050000 0.976113
16.100000 0.975958
16.150000 0.975796
16.200000 0.975627
16.250000 0.975451
16.300000 0.975267
16.350000 0.975075
16.400000 0.974876
16.450000 0.974668
16.500000 0.974451
16.550000 0.974225
16.600000 0.973990
16.650000 0.973745
16.700000 0.973489
16.750000 0.973224
16.800000 0.972947
16.850000 0.972659
16.900000 0.972359
16.950000 0.972046
17.000000 0.971721
17.050000 0.971382
17.100000 0.971030
17.150000 0.970663
17.200000 0.970281
17.250000 0.969883
17.300000 0.969469
17.350000 0.969038
17.400000 0.968589
17.450000 0.968122
17.500000 0.967636
17.550000 0.967129
17.600000 0.966602
17.650000 0.966054
17.700000 0.965483
17.750000 0.964888
17.800000 0.964269
17.850000 0.963624
17.900000 0.962953
17.950000 0.962255
18.000000 0.961527
18.050000 0.960770
18.100000 0.959982
18.150000 0.959161
18.200000 0.958306
18.250000 0.957417
18.300000 0.956490
18.350000 0.955525
18.400000 0.954521
18.450000 0.953475
18.500000 0.952387
18.550000 0.951253
18.600000 0.950072
18.650000 0.948843
18.700000 0.947564
18.750000 0.946231
18.800000 0.944844
18.850000 0.943400
18.900000 0.941896
18.950000 0.940331
19.000000 0.938701
19.050000 0.937005
19.100000 0.935238
19.150000 0.933400
19.200000 0.931486
19.250000 0.929494
19.300000 0.927420
19.350000 0.925262
19.400000 0.923016
19.450000 0.920679
19.500000 0.918247
19.550000 0.915716
19.600000 0.913083
19.650000 0.910343
19.700000 0.907493
19.750000 0.904529
19.800000 0.901445
19.850000 0.898239
19.900000 0.894904
19.950000 0.891436
20.000000 0.887832
20.050000 0.884084
20.100000 0.880461
20.150000 0.876957
20.200000 0.873568
20.250000 0.870289
20.300000 0.867116
20.350000 0.864045
20.400000 0.861071
20.450000 0.858192
20.500000 0.855404
20.550000 0.852704
20.600000 0.850087
20.650000 0.847551
20.700000 0.845094
20.750000 0.842711
20.800000 0.840401
20.850000 0.838161
20.900000 0.835988
20.950000 0.833880
21.000000 0.831835
21.050000 0.829850
21.100000 0.827923
21.150000 0.826053
21.200000 0.824236
21.250000 0.822472
21.300000 0.820759
21.350000 0.819094
21.400000 0.817477
21.450000 0.815904
21.500000 0.814376
21.550000 0.812890
21.600000 0.811446
21.650000 0.810040
21.700000 0.808673
21.750000 0.807343
21.800000 0.806049
21.850000 0.804789
21.900000 0.803563
21.950000 0.802368
22.000000 0.801206
22.050000 0.800073
22.100000 0.798969
22.150000 0.797894
22.200000 0.796845
22.250000 0.795824
22.300000 0.794827
22.350000 0.793856
22.400000 0.792908
22.450000 0.791984
22.500000 0.791081
22.550000 0.790201
22.600000 0.789341
22.650000 0.788502
22.700000 0.787682
22.750000 0.786881
22.800000 0.786099
22.850000 0.785334
22.900000 0.784587
22.950000 0.783856
23.000000 0.783142
23.050000 0.782443
23.100000 0.781759
23.150000 0.781090
23.200000 0.780435
23.250000 0.779794
23.300000 0.779166
23.350000 0.778551
23.400000 0.777948
23.450000 0.777357
23.500000 0.776779
23.550000 0.776211
23.600000 0.775655
23.650000 0.775109
23.700000 0.774573
23.750000 0.774048
23.800000 0.773532
23.850000 0.773025
23.900000 0.772528
23.950000 0.772039
24.000000 0.771559
24.050000 0.771087
24.100000 0.770623
24.150000 0.770167
24.200000 0.769718
24.250000 0.769276
24.300000 0.768842
24.350000 0.768414
24.400000 0.767993
24.450000 0.767579
24.500000 0.767170
24.550000 0.766768
24.600000 0.766371
24.650000 0.765980
24.700000 0.765595
24.750000 0.765215
24.800000 0.764839
24.850000 0.764469
24.900000 0.764104
24.950000 0.763743
25.000000 0.763387
25.050000 0.763035
25.100000 0.762688
25.150000 0.762344
25.200000 0.762005
25.250000 0.761669
25.300000 0.761337
25.350000 0.761008
25.400000 0.760684
25.450000 0.760362
25.500000 0.760044
25.550000 0.759729
25.600000 0.759417
25.650000 0.759108
25.700000 0.758802
25.750000 0.758498
25.800000 0.758198
25.850000 0.757899
25.900000 0.757604
25.950000 0.757311
26.000000 0.757020
26.050000 0.756732
26.100000 0.756445
26.150000 0.756161
26.200000 0.755879
26.250000 0.755599
26.300000 0.755321
26.350000 0.755045
26.400000 0.754770
26.450000 0.754497
26.500000 0.754226
26.550000 0.753957
26.600000 0.753689
26.650000 0.753423
26.700000 0.753158
26.750000 0.752895
26.800000 0.752633
26.850000 0.752372
26.900000 0.752112
26.950000 0.751854
27.000000 0.751597
27.050000 0.751341
27.100000 0.751087
27.150000 0.750833
27.200000 0.750580
27.250000 0.750329
27.300000 0.750078
27.350000 0.749828
27.400000 0.749579
27.450000 0.749331
27.500000 0.749084
27.550000 0.748837
27.600000 0.748592
27.650000 0.748347
27.700000 0.748102
27.750000 0.747859
27.800000 0.747616
27.850000 0.747373
27.900000 0.747132
27.950000 0.746891
28.000000 0.746650
28.050000 0.746410
28.100000 0.746170
28.150000 0.745931
28.200000 0.745692
28.250000 0.745454
28.300000 0.745216
28.350000 0.744979
28.400000 0.744742
28.450000 0.744505
28.500000 0.744269
28.550000 0.744033
28.600000 0.743797
28.650000 0.743562
28.700000 0.743327
28.750000 0.743092
28.800000 0.742857
28.850000 0.742623
28.900000 0.742388
28.950000 0.742154
29.000000 0.741921
29.050000 0.741687
29.100000 0.741453
29.150000 0.741220
29.200000 0.740987
29.250000 0.740754
29.300000 0.740521
29.350000 0.740288
29.400000 0.740055
29.450000 0.739823
29.500000 0.739590
29.550000 0.739358
29.600000 0.739125
29.650000 0.738893
29.700000 0.738660
29.750000 0.738428
29.800000 0.738196
29.850000 0.737963
29.900000 0.737731
29.950000 0.737499
30.000000 0.737266
30.050000 0.737034
30.100000 0.736802
30.150000 0.736569
30.200000 0.736337
30.250000 0.736104
30.300000 0.735872
30.350000 0.735639
30.400000 0.735407
30.450000 0.735174
30.500000 0.734941
30.550000 0.734708
30.600000 0.734475
30.650000 0.734242
30.700000 0.734009
30.750000 0.733776
30.800000 0.733543
30.850000 0.733309
30.900000 0.733076
30.950000 0.732842
31.000000 0.732608
31.050000 0.732374
31.100000 0.732140
31.150000 0.731906
31.200000 0.731671
31.250000 0.731437
31.300000 0.731202
31.350000 0.730968
31.400000 0.730733
31.450000 0.730498
31.500000 0.730262
31.550000 0.730027
31.600000 0.729791
31.650000 0.729556
31.700000 0.729320
31.750000 0.729084
31.800000 0.728847
31.850000 0.728611
31.900000 0.728374
31.950000 0.728137
32.000000 0.727900
32.050000 0.727663
32.100000 0.727426
32.150000 0.727188
32.200000 0.726950
32.250000 0.726712
32.300000 0.726474
32.350000 0.726236
32.400000 0.725997
32.450000 0.725758
32.500000 0.725519
32.550000 0.725280
32.600000 0.725040
32.650000 0.724800
32.700000 0.724561
32.750000 0.724320
32.800000 0.724080
32.850000 0.723839
32.900000 0.723598
32.950000 0.723357
33.000000 0.723116
33.050000 0.722875
33.100000 0.722633
33.150000 0.722391
33.200000 0.722148
33.250000 0.721906
33.300000 0.721663
33.350000 0.721420
33.400000 0.721177
33.450000 0.720933
33.500000 0.720689
33.550000 0.720445
33.600000 0.720201
33.650000 0.719957
33.700000 0.719712
33.750000 0.719467
33.800000 0.719221
33.850000 0.718976
33.900000 0.718730
33.950000 0.718484
34.000000 0.718237
34.050000 0.717990
34.100000 0.717743
34.150000 0.717496
34.200000 0.717249
34.250000 0.717001
34.300000 0.716753
34.350000 0.716504
34.400000 0.716256
34.450000 0.716007
34.500000 0.715757
34.550000 0.715508
34.600000 0.715258
34.650000 0.715008
34.700000 0.714757
34.750000 0.714506
34.800000 0.714255
34.850000 0.714004
34.900000 0.713752
34.950000 0.713500
35.000000 0.713248
35.050000 0.712995
35.100000 0.712742
35.150000 0.712489
35.200000 0.712235
35.250000 0.711981
35.300000 0.711727
35.350000 0.711472
35.400000 0.711217
35.450000 0.710962
35.500000 0.710706
35.550000 0.710450
35.600000 0.710194
35.650000 0.709937
35.700000 0.709680
35.750000 0.709422
35.800000 0.709165
35.850000 0.708906
35.900000 0.708648
35.950000 0.708389
36.000000 0.708130
36.050000 0.707870
36.100000 0.707610
36.150000 0.707349
36.200000 0.707088
36.250000 0.706827
36.300000 0.706565
36.350000 0.706303
36.400000 0.706041
36.450000 0.705778
36.500000 0.705514
36.550000 0.705251
36.600000 0.704986
36.650000 0.704722
36.700000 0.704457
36.750000 0.704191
36.800000 0.703925
36.850000 0.703658
36.900000 0.703391
36.950000 0.703124
37.000000 0.702856
37.050000 0.702587
37.100000 0.702318
37.150000 0.702049
37.200000 0.701779
37.250000 0.701508
37.300000 0.701237
37.350000 0.700966
37.400000 0.700694
37.450000 0.700421
37.500000 0.700148
37.550000 0.699874
37.600000 0.699599
37.650000 0.699324
37.700000 0.699049
37.750000 0.698772
37.800000 0.698495
37.850000 0.698218
37.900000 0.697940
37.950000 0.697661
38.000000 0.697381
38.050000 0.697101
38.100000 0.696820
38.150000 0.696538
38.200000 0.696256
38.250000 0.695973
38.300000 0.695689
38.350000 0.695404
38.400000 0.695119
38.450000 0.694833
38.500000 0.694546
38.550000 0.694258
38.600000 0.693969
38.650000 0.693680
38.700000 0.693389
38.750000 0.693098
38.800000 0.692805
38.850000 0.692512
38.900000 0.692218
38.950000 0.691923
39.000000 0.691626
39.050000 0.691329
39.100000 0.691031
39.150000 0.690731
39.200000 0.690431
39.250000 0.690129
39.300000 0.689827
39.350000 0.689523
39.400000 0.689218
39.450000 0.688911
39.500000 0.688604
39.550000 0.688295
39.600000 0.687985
39.650000 0.687673
39.700000 0.687360
39.750000 0.687046
39.800000 0.686730
39.850000 0.686413
39.900000 0.686094
39.950000 0.685774
40.000000 0.685452
40.050000 0.685129
40.100000 0.684804
40.150000 0.684477
40.200000 0.684148
40.250000 0.683818
40.300000 0.683486
40.350000 0.683152
40.400000 0.682816
40.450000 0.682478
40.500000 0.682139
40.550000 0.681797
40.600000 0.681453
40.650000 0.681107
40.700000 0.680759
40.750000 0.680408
40.800000 0.680056
40.850000 0.679701
40.900000 0.679343
40.950000 0.678983
41.000000 0.678621
41.050000 0.678256
41.100000 0.677888
41.150000 0.677518
41.200000 0.677144
41.250000 0.676768
41.300000 0.676390
41.350000 0.676008
41.400000 0.675623
41.450000 0.675235
41.500000 0.674844
41.550000 0.674449
41.600000 0.674051
41.650000 0.673650
41.700000 0.673245
41.750000 0.672837
41.800000 0.672425
41.850000 0.672009
41.900000 0.671590
41.950000 0.671166
42.000000 0.670739
42.050000 0.670307
42.100000 0.669871
42.150000 0.669431
42.200000 0.668986
42.250000 0.668537
42.300000 0.668083
42.350000 0.667625
42.400000 0.667161
42.450000 0.666693
42.500000 0.666220
42.550000 0.665741
42.600000 0.665257
42.650000 0.664768
42.700000 0.664273
42.750000 0.663772
42.800000 0.663266
42.850000 0.662754
42.900000 0.662235
42.950000 0.661711
43.000000 0.661180
43.050000 0.660642
43.100000 0.660098
43.150000 0.659548
43.200000 0.658990
43.250000 0.658425
43.300000 0.657853
43.350000 0.657273
43.400000 0.656686
43.450000 0.656091
43.500000 0.655489
43.550000 0.654878
43.600000 0.654259
43.650000 0.653632
43.700000 0.652996
43.750000 0.652351
43.800000 0.651697
43.850000 0.651034
43.900000 0.650362
43.950000 0.649680
44.000000 0.648988
44.050000 0.648287
44.100000 0.647575
44.150000 0.646853
44.200000 0.646120
44.250000 0.645377
44.300000 0.644622
44.350000 0.643856
44.400000 0.643079
44.450000 0.642290
44.500000 0.641489
44.550000 0.640676
44.600000 0.639851
44.650000 0.639013
44.700000 0.638161
44.750000 0.637297
44.800000 0.636419
44.850000 0.635528
44.900000 0.634623
44.950000 0.633703
45.000000 0.632769
45.050000 0.631820
45.100000 0.630856
45.150000 0.629877
45.200000 0.628882
45.250000 0.627871
45.300000 0.626844
45.350000 0.625801
45.400000 0.624740
45.450000 0.623663
45.500000 0.622568
45.550000 0.621455
45.600000 0.620325
45.650000 0.619175
45.700000 0.618008
45.750000 0.616821
45.800000 0.615615
45.850000 0.614389
45.900000 0.613143
45.950000 0.611877
46.000000 0.610590
46.050000 0.609282
46.100000 0.607953
46.150000 0.606601
46.200000 0.605228
46.250000 0.603832
46.300000 0.602414
46.350000 0.600972
46.400000 0.599507
46.450000 0.598017
46.500000 0.596504
46.550000 0.594965
46.600000 0.593402
46.650000 0.591813
46.700000 0.590198
46.750000 0.588557
46.800000 0.586890
46.850000 0.585195
46.900000 0.583473
46.950000 0.581724
47.000000 0.579946
47.050000 0.578140
47.100000 0.576304
47.150000 0.574440
47.200000 0.572545
47.250000 0.570621
47.300000 0.568666
47.350000 0.566680
47.400000 0.564662
47.450000 0.562613
47.500000 0.560532
47.550000 0.558418
47.600000 0.556272
47.650000 0.554092
47.700000 0.551878
47.750000 0.549631
47.800000 0.547348
47.850000 0.545031
47.900000 0.542679
47.950000 0.540291
48.000000 0.537867
48.050000 0.535407
48.100000 0.532910
48.150000 0.530376
48.200000 0.527804
48.250000 0.525194
48.300000 0.522546
48.350000 0.519860
48.400000 0.517134
48.450000 0.514370
48.500000 0.511566
48.550000 0.508721
48.600000 0.505837
48.650000 0.502912
48.700000 0.499946
48.750000 0.496938
48.800000 0.493890
48.850000 0.490799
48.900000 0.487666
48.950000 0.484491
49.000000 0.481273
49.050000 0.478012
49.100000 0.474708
49.150000 0.471361
49.200000 0.467970
49.250000 0.464535
49.300000 0.461056
49.350000 0.457532
49.400000 0.453964
49.450000 0.450351
49.500000 0.446693
49.550000 0.442991
49.600000 0.439243
49.650000 0.435449
49.700000 0.431610
49.750000 0.427725
49.800000 0.423795
49.850000 0.419819
49.900000 0.415796
49.950000 0.411728
50.000000 0.407613
