0.000000 0.429427
0.050000 0.445239
0.100000 0.460689
0.150000 0.475778
0.200000 0.490508
0.250000 0.504879
0.300000 0.518894
0.350000 0.532555
0.400000 0.545864
0.450000 0.558824
0.500000 0.571437
0.550000 0.583707
0.600000 0.595637
0.650000 0.607231
0.700000 0.618492
0.750000 0.629425
0.800000 0.640034
0.850000 0.650324
0.900000 0.660298
0.950000 0.669963
1.000000 0.679323
1.050000 0.688383
1.100000 0.697150
1.150000 0.705627
1.200000 0.713821
1.250000 0.721738
1.300000 0.729383
1.350000 0.736763
1.400000 0.743883
1.450000 0.750749
1.500000 0.757368
1.550000 0.763744
1.600000 0.769886
1.650000 0.775798
1.700000 0.781486
1.750000 0.786957
1.800000 0.792217
1.850000 0.797272
1.900000 0.802127
1.950000 0.806789
2.000000 0.811263
2.050000 0.815556
2.100000 0.819672
2.150000 0.823619
2.200000 0.827400
2.250000 0.831023
2.300000 0.834491
2.350000 0.837810
2.400000 0.840987
2.450000 0.844025
2.500000 0.846929
2.550000 0.849705
2.600000 0.852357
2.650000 0.854891
2.700000 0.857309
2.750000 0.859618
2.800000 0.861821
2.850000 0.863922
2.900000 0.865926
2.950000 0.867836
3.000000 0.869657
3.050000 0.871392
3.100000 0.873044
3.150000 0.874618
3.200000 0.876117
3.250000 0.877543
3.300000 0.878901
3.350000 0.880193
3.400000 0.881422
3.450000 0.882592
3.500000 0.883704
3.550000 0.884762
3.600000 0.885768
3.650000 0.886725
3.700000 0.887635
3.750000 0.888500
3.800000 0.889323
3.850000 0.890105
3.900000 0.890849
3.950000 0.891556
4.000000 0.892229
4.050000 0.892870
4.100000 0.893479
4.150000 0.894059
4.200000 0.894611
4.250000 0.895137
4.300000 0.895637
4.350000 0.896115
4.400000 0.896570
4.450000 0.897003
4.500000 0.897418
4.550000 0.897813
4.600000 0.898191
4.650000 0.898551
4.700000 0.898897
4.750000 0.899227
4.800000 0.899544
4.850000 0.899847
4.900000 0.900138
4.950000 0.900418
5.000000 0.900686
5.050000 0.900945
5.100000 0.901193
5.150000 0.901433
5.200000 0.901664
5.250000 0.901887
5.300000 0.902102
5.350000 0.902311
5.400000 0.902513
5.450000 0.902708
5.500000 0.902898
5.550000 0.903083
5.600000 0.903262
5.650000 0.903437
5.700000 0.903607
5.750000 0.903773
5.800000 0.903935
5.850000 0.904093
5.900000 0.904247
5.950000 0.904399
6.000000 0.904547
6.050000 0.904693
6.100000 0.904835
6.150000 0.904976
6.200000 0.905113
6.250000 0.905249
6.300000 0.905382
6.350000 0.905514
6.400000 0.905643
6.450000 0.905771
6.500000 0.905897
6.550000 0.906022
6.600000 0.906145
6.650000 0.906266
6.700000 0.906386
6.750000 0.906505
6.800000 0.906623
6.850000 0.906739
6.900000 0.906854
6.950000 0.906969
7.000000 0.907082
7.050000 0.907194
7.100000 0.907305
7.150000 0.907415
7.200000 0.907525
7.250000 0.907633
7.300000 0.907741
7.350000 0.907848
7.400000 0.907954
7.450000 0.908060
7.500000 0.908164
7.550000 0.908268
7.600000 0.908371
7.650000 0.908474
7.700000 0.908576
7.750000 0.908677
7.800000 0.908777
7.850000 0.908877
7.900000 0.908977
7.950000 0.909075
8.000000 0.909173
8.050000 0.909271
8.100000 0.909367
8.150000 0.909464
8.200000 0.909559
8.250000 0.909654
8.300000 0.909749
8.350000 0.909843
8.400000 0.909936
8.450000 0.910029
8.500000 0.910121
8.550000 0.910212
8.600000 0.910303
8.650000 0.910394
8.700000 0.910484
8.750000 0.910573
8.800000 0.910662
8.850000 0.910750
8.900000 0.910838
8.950000 0.910925
9.000000 0.911012
9.050000 0.911098
9.100000 0.911184
9.150000 0.911269
9.200000 0.911353
9.250000 0.911437
9.300000 0.911521
9.350000 0.911604
9.400000 0.911686
9.450000 0.911768
9.500000 0.911849
9.550000 0.911930
9.600000 0.912010
9.650000 0.912090
9.700000 0.912169
9.750000 0.912248
9.800000 0.912326
9.850000 0.912404
9.900000 0.912481
9.950000 0.912558
10.000000 0.912634
10.050000 0.912709
10.100000 0.912784
10.150000 0.912859
10.200000 0.912933
10.250000 0.913006
10.300000 0.913079
10.350000 0.913152
10.400000 0.913224
10.450000 0.913295
10.500000 0.913366
10.550000 0.913436
10.600000 0.913506
10.650000 0.913575
10.700000 0.913644
10.750000 0.913712
10.800000 0.913780
10.850000 0.913847
10.900000 0.913914
10.950000 0.913980
11.000000 0.914046
11.050000 0.914111
11.100000 0.914176
11.150000 0.914240
11.200000 0.914304
11.250000 0.914367
11.300000 0.914429
11.350000 0.914492
11.400000 0.914553
11.450000 0.914614
11.500000 0.914675
11.550000 0.914735
11.600000 0.914795
11.650000 0.914854
11.700000 0.914912
11.750000 0.914970
11.800000 0.915028
11.850000 0.915085
11.900000 0.915141
11.950000 0.915197
12.000000 0.915253
12.050000 0.915308
12.100000 0.915362
12.150000 0.915416
12.200000 0.915469
12.250000 0.915522
12.300000 0.915575
12.350000 0.915627
12.400000 0.915678
12.450000 0.915729
12.500000 0.915779
12.550000 0.915829
12.600000 0.915879
12.650000 0.915928
12.700000 0.915976
12.750000 0.916024
12.800000 0.916071
12.850000 0.916118
12.900000 0.916164
12.950000 0.916210
13.000000 0.916255
13.050000 0.916300
13.100000 0.916344
13.150000 0.916388
13.200000 0.916431
13.250000 0.916474
13.300000 0.916516
13.350000 0.916557
13.400000 0.916598
13.450000 0.916639
13.500000 0.916679
13.550000 0.916718
13.600000 0.916757
13.650000 0.916795
13.700000 0.916833
13.750000 0.916870
13.800000 0.916907
13.850000 0.916943
13.900000 0.916978
13.950000 0.917013
14.000000 0.917048
14.050000 0.917081
14.100000 0.917114
14.150000 0.917147
14.200000 0.917178
14.250000 0.917209
14.300000 0.917240
14.350000 0.917269
14.400000 0.917298
14.450000 0.917327
14.500000 0.917354
14.550000 0.917381
14.600000 0.917407
14.650000 0.917432
14.700000 0.917456
14.750000 0.917479
14.800000 0.917502
14.850000 0.917523
14.900000 0.917544
14.950000 0.917563
15.000000 0.917582
15.050000 0.917599
15.100000 0.917615
15.150000 0.917630
15.200000 0.917644
15.250000 0.917657
15.300000 0.917668
15.350000 0.917677
15.400000 0.917685
15.450000 0.917691
15.500000 0.917696
15.550000 0.917699
15.600000 0.917700
15.650000 0.917699
15.700000 0.917696
15.750000 0.917691
15.800000 0.917683
15.850000 0.917673
15.900000 0.917660
15.950000 0.917645
16.000000 0.917626
16.050000 0.917605
16.100000 0.917580
16.150000 0.917552
16.200000 0.917520
16.250000 0.917484
16.300000 0.917444
16.350000 0.917400
16.400000 0.917351
16.450000 0.917297
16.500000 0.917239
16.550000 0.917174
16.600000 0.917104
16.650000 0.917028
16.700000 0.916946
16.750000 0.916856
16.800000 0.916760
16.850000 0.916655
16.900000 0.916543
16.950000 0.916422
17.000000 0.916292
17.050000 0.916153
17.100000 0.916004
17.150000 0.915844
17.200000 0.915673
17.250000 0.915490
17.300000 0.915295
17.350000 0.915086
17.400000 0.914864
17.450000 0.914627
17.500000 0.914375
17.550000 0.914107
17.600000 0.913822
17.650000 0.913519
17.700000 0.913197
17.750000 0.912855
17.800000 0.912493
17.850000 0.912109
17.900000 0.911702
17.950000 0.911270
18.000000 0.910814
18.050000 0.910331
18.100000 0.909820
18.150000 0.909280
18.200000 0.908709
18.250000 0.908107
18.300000 0.907470
18.350000 0.906799
18.400000 0.906090
18.450000 0.905344
18.500000 0.904556
18.550000 0.903727
18.600000 0.902853
18.650000 0.901934
18.700000 0.900966
18.750000 0.899948
18.800000 0.898877
18.850000 0.897752
18.900000 0.896569
18.950000 0.895327
19.000000 0.894022
19.050000 0.892652
19.100000 0.891215
19.150000 0.889707
19.200000 0.888126
19.250000 0.886469
19.300000 0.884732
19.350000 0.882912
19.400000 0.881006
19.450000 0.879011
19.500000 0.876923
19.550000 0.874738
19.600000 0.872453
19.650000 0.870063
19.700000 0.867566
19.750000 0.864956
19.800000 0.862229
19.850000 0.859382
19.900000 0.856410
19.950000 0.853308
20.000000 0.850071
20.050000 0.846696
20.100000 0.843452
20.150000 0.840335
20.200000 0.837341
20.250000 0.834465
20.300000 0.831703
20.350000 0.829051
20.400000 0.826505
20.450000 0.824062
20.500000 0.821717
20.550000 0.819467
20.600000 0.817310
20.650000 0.815241
20.700000 0.813257
20.750000 0.811356
20.800000 0.809534
20.850000 0.807789
20.900000 0.806117
20.950000 0.804517
21.000000 0.802985
21.050000 0.801519
21.100000 0.800117
21.150000 0.798775
21.200000 0.797493
21.250000 0.796267
21.300000 0.795095
21.350000 0.793976
21.400000 0.792907
21.450000 0.791887
21.500000 0.790913
21.550000 0.789983
21.600000 0.789097
21.650000 0.788251
21.700000 0.787445
21.750000 0.786677
21.800000 0.785945
21.850000 0.785248
21.900000 0.784584
21.950000 0.783951
22.000000 0.783350
22.050000 0.782777
22.100000 0.782232
22.150000 0.781714
22.200000 0.781221
22.250000 0.780753
22.300000 0.780308
22.350000 0.779885
22.400000 0.779482
22.450000 0.779101
22.500000 0.778738
22.550000 0.778393
22.600000 0.778066
22.650000 0.777755
22.700000 0.777460
22.750000 0.777180
22.800000 0.776914
22.850000 0.776661
22.900000 0.776421
22.950000 0.776193
23.000000 0.775977
23.050000 0.775771
23.100000 0.775576
23.150000 0.775390
23.200000 0.775214
23.250000 0.775046
23.300000 0.774887
23.350000 0.774735
23.400000 0.774590
23.450000 0.774453
23.500000 0.774321
23.550000 0.774196
23.600000 0.774077
23.650000 0.773963
23.700000 0.773854
23.750000 0.773750
23.800000 0.773651
23.850000 0.773555
23.900000 0.773464
23.950000 0.773376
24.000000 0.773292
24.050000 0.773210
24.100000 0.773132
24.150000 0.773057
24.200000 0.772984
24.250000 0.772914
24.300000 0.772846
24.350000 0.772780
24.400000 0.772717
24.450000 0.772655
24.500000 0.772594
24.550000 0.772535
24.600000 0.772478
24.650000 0.772422
24.700000 0.772368
24.750000 0.772314
24.800000 0.772262
24.850000 0.772210
24.900000 0.772160
24.950000 0.772110
25.000000 0.772061
25.050000 0.772012
25.100000 0.771965
25.150000 0.771918
25.200000 0.771871
25.250000 0.771825
25.300000 0.771779
25.350000 0.771734
25.400000 0.771689
25.450000 0.771644
25.500000 0.771600
25.550000 0.771556
25.600000 0.771512
25.650000 0.771468
25.700000 0.771424
25.750000 0.771381
25.800000 0.771337
25.850000 0.771294
25.900000 0.771251
25.950000 0.771207
26.000000 0.771164
26.050000 0.771121
26.100000 0.771078
26.150000 0.771035
26.200000 0.770992
26.250000 0.770948
26.300000 0.770905
26.350000 0.770862
26.400000 0.770818
26.450000 0.770775
26.500000 0.770731
26.550000 0.770688
26.600000 0.770644
26.650000 0.770600
26.700000 0.770556
26.750000 0.770512
26.800000 0.770468
26.850000 0.770424
26.900000 0.770380
26.950000 0.770335
27.000000 0.770291
27.050000 0.770246
27.100000 0.770201
27.150000 0.770156
27.200000 0.770111
27.250000 0.770066
27.300000 0.770021
27.350000 0.769975
27.400000 0.769930
27.450000 0.769884
27.500000 0.769838
27.550000 0.769792
27.600000 0.769746
27.650000 0.769699
27.700000 0.769653
27.750000 0.769606
27.800000 0.769559
27.850000 0.769512
27.900000 0.769465
27.950000 0.769418
28.000000 0.769371
28.050000 0.769323
28.100000 0.769275
28.150000 0.769227
28.200000 0.769179
28.250000 0.769131
28.300000 0.769083
28.350000 0.769034
28.400000 0.768986
28.450000 0.768937
28.500000 0.768888
28.550000 0.768839
28.600000 0.768789
28.650000 0.768740
28.700000 0.768690
28.750000 0.768640
28.800000 0.768591
28.850000 0.768540
28.900000 0.768490
28.950000 0.768440
29.000000 0.768389
29.050000 0.768338
29.100000 0.768287
29.150000 0.768236
29.200000 0.768185
29.250000 0.768134
29.300000 0.768082
29.350000 0.768030
29.400000 0.767978
29.450000 0.767926
29.500000 0.767874
29.550000 0.767822
29.600000 0.767769
29.650000 0.767716
29.700000 0.767663
29.750000 0.767610
29.800000 0.767557
29.850000 0.767504
29.900000 0.767450
29.950000 0.767396
30.000000 0.767342
30.050000 0.767288
30.100000 0.767234
30.150000 0.767180
30.200000 0.767125
30.250000 0.767070
30.300000 0.767015
30.350000 0.766960
30.400000 0.766905
30.450000 0.766849
30.500000 0.766794
30.550000 0.766738
30.600000 0.766682
30.650000 0.766626
30.700000 0.766569
30.750000 0.766513
30.800000 0.766456
30.850000 0.766399
30.900000 0.766342
30.950000 0.766285
31.000000 0.766228
31.050000 0.766170
31.100000 0.766112
31.150000 0.766054
31.200000 0.765996
31.250000 0.765938
31.300000 0.765880
31.350000 0.765821
31.400000 0.765762
31.450000 0.765703
31.500000 0.765644
31.550000 0.765585
31.600000 0.765525
31.650000 0.765465
31.700000 0.765406
31.750000 0.765345
31.800000 0.765285
31.850000 0.765225
31.900000 0.765164
31.950000 0.765103
32.000000 0.765042
32.050000 0.764981
32.100000 0.764920
32.150000 0.764858
32.200000 0.764797
32.250000 0.764735
32.300000 0.764673
32.350000 0.764610
32.400000 0.764548
32.450000 0.764485
32.500000 0.764422
32.550000 0.764359
32.600000 0.764296
32.650000 0.764233
32.700000 0.764169
32.750000 0.764105
32.800000 0.764041
32.850000 0.763977
32.900000 0.763913
32.950000 0.763848
33.000000 0.763784
33.050000 0.763719
33.100000 0.763653
33.150000 0.763588
33.200000 0.763523
33.250000 0.763457
33.300000 0.763391
33.350000 0.763325
33.400000 0.763259
33.450000 0.763192
33.500000 0.763126
33.550000 0.763059
33.600000 0.762992
33.650000 0.762924
33.700000 0.762857
33.750000 0.762789
33.800000 0.762722
33.850000 0.762654
33.900000 0.762585
33.950000 0.762517
34.000000 0.762448
34.050000 0.762379
34.100000 0.762310
34.150000 0.762241
34.200000 0.762172
34.250000 0.762102
34.300000 0.762032
34.350000 0.761962
34.400000 0.761892
34.450000 0.761822
34.500000 0.761751
34.550000 0.761680
34.600000 0.761609
34.650000 0.761538
34.700000 0.761466
34.750000 0.761395
34.800000 0.761323
34.850000 0.761251
34.900000 0.761178
34.950000 0.761106
35.000000 0.761033
35.050000 0.760960
35.100000 0.760887
35.150000 0.760814
35.200000 0.760740
35.250000 0.760667
35.300000 0.760593
35.350000 0.760519
35.400000 0.760444
35.450000 0.760370
35.500000 0.760295
35.550000 0.760220
35.600000 0.760145
35.650000 0.760069
35.700000 0.759994
35.750000 0.759918
35.800000 0.759842
35.850000 0.759765
35.900000 0.759689
35.950000 0.759612
36.000000 0.759535
36.050000 0.759458
36.100000 0.759381
36.150000 0.759303
36.200000 0.759225
36.250000 0.759147
36.300000 0.759069
36.350000 0.758991
36.400000 0.758912
36.450000 0.758833
36.500000 0.758754
36.550000 0.758675
36.600000 0.758595
36.650000 0.758515
36.700000 0.758436
36.750000 0.758355
36.800000 0.758275
36.850000 0.758194
36.900000 0.758113
36.950000 0.758032
37.000000 0.757951
37.050000 0.757869
37.100000 0.757787
37.150000 0.757705
37.200000 0.757623
37.250000 0.757541
37.300000 0.757458
37.350000 0.757375
37.400000 0.757292
37.450000 0.757209
37.500000 0.757125
37.550000 0.757041
37.600000 0.756957
37.650000 0.756873
37.700000 0.756788
37.750000 0.756703
37.800000 0.756618
37.850000 0.756533
37.900000 0.756448
37.950000 0.756362
38.000000 0.756276
38.050000 0.756190
38.100000 0.756103
38.150000 0.756017
38.200000 0.755930
38.250000 0.755843
38.300000 0.755755
38.350000 0.755668
38.400000 0.755580
38.450000 0.755492
38.500000 0.755403
38.550000 0.755315
38.600000 0.755226
38.650000 0.755137
38.700000 0.755048
38.750000 0.754958
38.800000 0.754868
38.850000 0.754778
38.900000 0.754688
38.950000 0.754598
39.000000 0.754507
39.050000 0.754416
39.100000 0.754324
39.150000 0.754233
39.200000 0.754141
39.250000 0.754049
39.300000 0.753957
39.350000 0.753864
39.400000 0.753772
39.450000 0.753679
39.500000 0.753585
39.550000 0.753492
39.600000 0.753398
39.650000 0.753304
39.700000 0.753210
39.750000 0.753115
39.800000 0.753021
39.850000 0.752926
39.900000 0.752830
39.950000 0.752735
40.000000 0.752639
40.050000 0.752543
40.100000 0.752446
40.150000 0.752350
40.200000 0.752253
40.250000 0.752156
40.300000 0.752059
40.350000 0.751961
40.400000 0.751863
40.450000 0.751765
40.500000 0.751666
40.550000 0.751568
40.600000 0.751469
40.650000 0.751370
40.700000 0.751270
40.750000 0.751170
40.800000 0.751070
40.850000 0.750970
40.900000 0.750869
40.950000 0.750768
41.000000 0.750667
41.050000 0.750566
41.100000 0.750464
41.150000 0.750362
41.200000 0.750260
41.250000 0.750157
41.300000 0.750054
41.350000 0.749951
41.400000 0.749848
41.450000 0.749744
41.500000 0.749640
41.550000 0.749536
41.600000 0.749431
41.650000 0.749326
41.700000 0.749221
41.750000 0.749115
41.800000 0.749009
41.850000 0.748903
41.900000 0.748796
41.950000 0.748689
42.000000 0.748582
42.050000 0.748474
42.100000 0.748366
42.150000 0.748258
42.200000 0.748149
42.250000 0.748040
42.300000 0.747930
42.350000 0.747820
42.400000 0.747710
42.450000 0.747599
42.500000 0.747487
42.550000 0.747375
42.600000 0.747263
42.650000 0.747150
42.700000 0.747036
42.750000 0.746922
42.800000 0.746807
42.850000 0.746691
42.900000 0.746575
42.950000 0.746458
43.000000 0.746341
43.050000 0.746222
43.100000 0.746103
43.150000 0.745982
43.200000 0.745861
43.250000 0.745739
43.300000 0.745615
43.350000 0.745491
43.400000 0.745365
43.450000 0.745238
43.500000 0.745109
43.550000 0.744979
43.600000 0.744847
43.650000 0.744714
43.700000 0.744578
43.750000 0.744441
43.800000 0.744302
43.850000 0.744160
43.900000 0.744016
43.950000 0.743869
44.000000 0.743720
44.050000 0.743567
44.100000 0.743411
44.150000 0.743252
44.200000 0.743090
44.250000 0.742923
44.300000 0.742753
44.350000 0.742577
44.400000 0.742398
44.450000 0.742213
44.500000 0.742022
44.550000 0.741826
44.600000 0.741624
44.650000 0.741416
44.700000 0.741200
44.750000 0.740977
44.800000 0.740746
44.850000 0.740506
44.900000 0.740258
44.950000 0.740000
45.000000 0.739731
45.050000 0.739452
45.100000 0.739162
45.150000 0.738859
45.200000 0.738544
45.250000 0.738215
45.300000 0.737871
45.350000 0.737513
45.400000 0.737138
45.450000 0.736745
45.500000 0.736335
45.550000 0.735906
45.600000 0.735456
45.650000 0.734985
45.700000 0.734492
45.750000 0.733975
45.800000 0.733434
45.850000 0.732866
45.900000 0.732270
45.950000 0.731646
46.000000 0.730991
46.050000 0.730304
46.100000 0.729584
46.150000 0.728829
46.200000 0.728037
46.250000 0.727207
46.300000 0.726337
46.350000 0.725425
46.400000 0.724469
46.450000 0.723467
46.500000 0.722418
46.550000 0.721319
46.600000 0.720168
46.650000 0.718963
46.700000 0.717703
46.750000 0.716384
46.800000 0.715006
46.850000 0.713564
46.900000 0.712058
46.950000 0.710484
47.000000 0.708841
47.050000 0.707126
47.100000 0.705336
47.150000 0.703470
47.200000 0.701525
47.250000 0.699498
47.300000 0.697386
47.350000 0.695189
47.400000 0.692902
47.450000 0.690523
47.500000 0.688051
47.550000 0.685483
47.600000 0.682816
47.650000 0.680047
47.700000 0.677176
47.750000 0.674198
47.800000 0.671113
47.850000 0.667918
47.900000 0.664610
47.950000 0.661189
48.000000 0.657651
48.050000 0.653995
48.100000 0.650219
48.150000 0.646322
48.200000 0.642301
48.250000 0.638156
48.300000 0.633886
48.350000 0.629488
48.400000 0.624962
48.450000 0.620307
48.500000 0.615521
48.550000 0.610606
48.600000 0.605559
48.650000 0.600381
48.700000 0.595072
48.750000 0.589632
48.800000 0.584060
48.850000 0.578357
48.900000 0.572525
48.950000 0.566563
49.000000 0.560473
49.050000 0.554256
49.100000 0.547913
49.150000 0.541446
49.200000 0.534857
49.250000 0.528148
49.300000 0.521320
49.350000 0.514378
49.400000 0.507322
49.450000 0.500156
49.500000 0.492883
49.550000 0.485506
49.600000 0.478028
49.650000 0.470453
49.700000 0.462785
49.750000 0.455027
49.800000 0.447184
49.850000 0.439259
49.900000 0.431258
49.950000 0.423183
50.000000 0.415041
