0.000000 0.429018
0.050000 0.444608
0.100000 0.459840
0.150000 0.474716
0.200000 0.489238
0.250000 0.503411
0.300000 0.517237
0.350000 0.530719
0.400000 0.543862
0.450000 0.556669
0.500000 0.569145
0.550000 0.581293
0.600000 0.593119
0.650000 0.604626
0.700000 0.615820
0.750000 0.626704
0.800000 0.637285
0.850000 0.647568
0.900000 0.657557
0.950000 0.667258
1.000000 0.676677
1.050000 0.685818
1.100000 0.694688
1.150000 0.703293
1.200000 0.711637
1.250000 0.719726
1.300000 0.727566
1.350000 0.735164
1.400000 0.742523
1.450000 0.749651
1.500000 0.756554
1.550000 0.763235
1.600000 0.769702
1.650000 0.775960
1.700000 0.782014
1.750000 0.787870
1.800000 0.793533
1.850000 0.799009
1.900000 0.804302
1.950000 0.809419
2.000000 0.814364
2.050000 0.819142
2.100000 0.823758
2.150000 0.828218
2.200000 0.832525
2.250000 0.836685
2.300000 0.840702
2.350000 0.844581
2.400000 0.848326
2.450000 0.851941
2.500000 0.855430
2.550000 0.858798
2.600000 0.862049
2.650000 0.865185
2.700000 0.868213
2.750000 0.871134
2.800000 0.873952
2.850000 0.876671
2.900000 0.879295
2.950000 0.881827
3.000000 0.884269
3.050000 0.886625
3.100000 0.888898
3.150000 0.891091
3.200000 0.893207
3.250000 0.895248
3.300000 0.897217
3.350000 0.899117
3.400000 0.900950
3.450000 0.902719
3.500000 0.904426
3.550000 0.906072
3.600000 0.907662
3.650000 0.909195
3.700000 0.910675
3.750000 0.912104
3.800000 0.913483
3.850000 0.914814
3.900000 0.916100
3.950000 0.917341
4.000000 0.918539
4.050000 0.919696
4.100000 0.920814
4.150000 0.921894
4.200000 0.922937
4.250000 0.923946
4.300000 0.924920
4.350000 0.925861
4.400000 0.926772
4.450000 0.927652
4.500000 0.928503
4.550000 0.929327
4.600000 0.930123
4.650000 0.930894
4.700000 0.931640
4.750000 0.932362
4.800000 0.933061
4.850000 0.933738
4.900000 0.934393
4.950000 0.935029
5.000000 0.935644
5.050000 0.936241
5.100000 0.936820
5.150000 0.937381
5.200000 0.937926
5.250000 0.938454
5.300000 0.938967
5.350000 0.939465
5.400000 0.939948
5.450000 0.940418
5.500000 0.940875
5.550000 0.941319
5.600000 0.941750
5.650000 0.942170
5.700000 0.942578
5.750000 0.942976
5.800000 0.943363
5.850000 0.943740
5.900000 0.944107
5.950000 0.944465
6.000000 0.944814
6.050000 0.945154
6.100000 0.945486
6.150000 0.945810
6.200000 0.946126
6.250000 0.946435
6.300000 0.946737
6.350000 0.947032
6.400000 0.947320
6.450000 0.947602
6.500000 0.947878
6.550000 0.948148
6.600000 0.948412
6.650000 0.948670
6.700000 0.948924
6.750000 0.949172
6.800000 0.949415
6.850000 0.949654
6.900000 0.949888
6.950000 0.950118
7.000000 0.950343
7.050000 0.950564
7.100000 0.950782
7.150000 0.950995
7.200000 0.951205
7.250000 0.951411
7.300000 0.951614
7.350000 0.951813
7.400000 0.952009
7.450000 0.952202
7.500000 0.952392
7.550000 0.952579
7.600000 0.952763
7.650000 0.952944
7.700000 0.953123
7.750000 0.953299
7.800000 0.953473
7.850000 0.953644
7.900000 0.953813
7.950000 0.953979
8.000000 0.954143
8.050000 0.954305
8.100000 0.954465
8.150000 0.954623
8.200000 0.954779
8.250000 0.954933
8.300000 0.955085
8.350000 0.955235
8.400000 0.955383
8.450000 0.955529
8.500000 0.955674
8.550000 0.955817
8.600000 0.955958
8.650000 0.956098
8.700000 0.956236
8.750000 0.956372
8.800000 0.956507
8.850000 0.956640
8.900000 0.956772
8.950000 0.956903
9.000000 0.957032
9.050000 0.957160
9.100000 0.957286
9.150000 0.957411
9.200000 0.957534
9.250000 0.957656
9.300000 0.957777
9.350000 0.957897
9.400000 0.958015
9.450000 0.958132
9.500000 0.958248
9.550000 0.958363
9.600000 0.958476
9.650000 0.958588
9.700000 0.958700
9.750000 0.958809
9.800000 0.958918
9.850000 0.959026
9.900000 0.959132
9.950000 0.959237
10.000000 0.959342
10.050000 0.959445
10.100000 0.959547
10.150000 0.959647
10.200000 0.959747
10.250000 0.959846
10.300000 0.959943
10.350000 0.960040
10.400000 0.960135
10.450000 0.960230
10.500000 0.960323
10.550000 0.960415
10.600000 0.960507
10.650000 0.960597
10.700000 0.960686
10.750000 0.960774
10.800000 0.960861
10.850000 0.960947
10.900000 0.961032
10.950000 0.961116
11.000000 0.961199
11.050000 0.961281
11.100000 0.961362
11.150000 0.961442
11.200000 0.961521
11.250000 0.961598
11.300000 0.961675
11.350000 0.961751
11.400000 0.961826
11.450000 0.961899
11.500000 0.961972
11.550000 0.962044
11.600000 0.962114
11.650000 0.962184
11.700000 0.962253
11.750000 0.962320
11.800000 0.962387
11.850000 0.962452
11.900000 0.962516
11.950000 0.962580
12.000000 0.962642
12.050000 0.962703
12.100000 0.962763
12.150000 0.962823
12.200000 0.962881
12.250000 0.962937
12.300000 0.962993
12.350000 0.963048
12.400000 0.963102
12.450000 0.963154
12.500000 0.963206
12.550000 0.963256
12.600000 0.963305
12.650000 0.963353
12.700000 0.963400
12.750000 0.963446
12.800000 0.963490
12.850000 0.963533
12.900000 0.963576
12.950000 0.963616
13.000000 0.963656
13.050000 0.963694
13.100000 0.963732
13.150000 0.963767
13.200000 0.963802
13.250000 0.963835
13.300000 0.963867
13.350000 0.963898
13.400000 0.963927
13.450000 0.963954
13.500000 0.963981
13.550000 0.964006
13.600000 0.964029
13.650000 0.964051
13.700000 0.964071
13.750000 0.964090
13.800000 0.964107
13.850000 0.964123
13.900000 0.964137
13.950000 0.964149
14.000000 0.964159
14.050000 0.964168
14.100000 0.964175
14.150000 0.964180
14.200000 0.964183
14.250000 0.964184
14.300000 0.964183
14.350000 0.964180
14.400000 0.964175
14.450000 0.964168
14.500000 0.964158
14.550000 0.964147
14.600000 0.964133
14.650000 0.964116
14.700000 0.964097
14.750000 0.964076
14.800000 0.964052
14.850000 0.964025
14.900000 0.963995
14.950000 0.963962
15.000000 0.963927
15.050000 0.963888
15.100000 0.963846
15.150000 0.963801
15.200000 0.963753
15.250000 0.963700
15.300000 0.963645
15.350000 0.963585
15.400000 0.963522
15.450000 0.963455
15.500000 0.963383
15.550000 0.963307
15.600000 0.963227
15.650000 0.963142
15.700000 0.963053
15.750000 0.962958
15.800000 0.962858
15.850000 0.962753
15.900000 0.962642
15.950000 0.962526
16.000000 0.962403
16.050000 0.962275
16.100000 0.962140
16.150000 0.961998
16.200000 0.961849
16.250000 0.961694
16.300000 0.961530
16.350000 0.961359
16.400000 0.961180
16.450000 0.960993
16.500000 0.960796
16.550000 0.960591
16.600000 0.960376
16.650000 0.960152
16.700000 0.959917
16.750000 0.959672
16.800000 0.959416
16.850000 0.959148
16.900000 0.958868
16.950000 0.958576
17.000000 0.958271
17.050000 0.957953
17.100000 0.957621
17.150000 0.957274
17.200000 0.956912
17.250000 0.956534
17.300000 0.956140
17.350000 0.955729
17.400000 0.955300
17.450000 0.954853
17.500000 0.954387
17.550000 0.953901
17.600000 0.953393
17.650000 0.952865
17.700000 0.952313
17.750000 0.951739
17.800000 0.951139
17.850000 0.950515
17.900000 0.949864
17.950000 0.949185
18.000000 0.948478
18.050000 0.947741
18.100000 0.946973
18.150000 0.946173
18.200000 0.945339
18.250000 0.944470
18.300000 0.943565
18.350000 0.942622
18.400000 0.941639
18.450000 0.940615
18.500000 0.939549
18.550000 0.938438
18.600000 0.937281
18.650000 0.936076
18.700000 0.934821
18.750000 0.933514
18.800000 0.932153
18.850000 0.930736
18.900000 0.929260
18.950000 0.927723
19.000000 0.926123
19.050000 0.924457
19.100000 0.922723
19.150000 0.920918
19.200000 0.919039
19.250000 0.917084
19.300000 0.915049
19.350000 0.912931
19.400000 0.910727
19.450000 0.908433
19.500000 0.906047
19.550000 0.903565
19.600000 0.900983
19.650000 0.898297
19.700000 0.895504
19.750000 0.892600
19.800000 0.889579
19.850000 0.886439
19.900000 0.883175
19.950000 0.879781
20.000000 0.876255
20.050000 0.872590
20.100000 0.869048
20.150000 0.865624
20.200000 0.862314
20.250000 0.859113
20.300000 0.856018
20.350000 0.853024
20.400000 0.850128
20.450000 0.847326
20.500000 0.844615
20.550000 0.841992
20.600000 0.839453
20.650000 0.836995
20.700000 0.834616
20.750000 0.832312
20.800000 0.830082
20.850000 0.827923
20.900000 0.825831
20.950000 0.823806
21.000000 0.821844
21.050000 0.819943
21.100000 0.818102
21.150000 0.816318
21.200000 0.814590
21.250000 0.812915
21.300000 0.811292
21.350000 0.809718
21.400000 0.808194
21.450000 0.806716
21.500000 0.805283
21.550000 0.803894
21.600000 0.802548
21.650000 0.801242
21.700000 0.799976
21.750000 0.798748
21.800000 0.797557
21.850000 0.796403
21.900000 0.795282
21.950000 0.794196
22.000000 0.793142
22.050000 0.792119
22.100000 0.791127
22.150000 0.790164
22.200000 0.789230
22.250000 0.788323
22.300000 0.787443
22.350000 0.786589
22.400000 0.785760
22.450000 0.784955
22.500000 0.784173
22.550000 0.783414
22.600000 0.782677
22.650000 0.781961
22.700000 0.781266
22.750000 0.780591
22.800000 0.779935
22.850000 0.779297
22.900000 0.778677
22.950000 0.778075
23.000000 0.777490
23.050000 0.776921
23.100000 0.776367
23.150000 0.775829
23.200000 0.775306
23.250000 0.774797
23.300000 0.774302
23.350000 0.773820
23.400000 0.773350
23.450000 0.772894
23.500000 0.772449
23.550000 0.772016
23.600000 0.771594
23.650000 0.771183
23.700000 0.770783
23.750000 0.770393
23.800000 0.770012
23.850000 0.769641
23.900000 0.769280
23.950000 0.768926
24.000000 0.768582
24.050000 0.768246
24.100000 0.767917
24.150000 0.767597
24.200000 0.767283
24.250000 0.766977
24.300000 0.766678
24.350000 0.766385
24.400000 0.766099
24.450000 0.765819
24.500000 0.765544
24.550000 0.765276
24.600000 0.765013
24.650000 0.764755
24.700000 0.764503
24.750000 0.764255
24.800000 0.764012
24.850000 0.763774
24.900000 0.763540
24.950000 0.763310
25.000000 0.763085
25.050000 0.762863
25.100000 0.762645
25.150000 0.762431
25.200000 0.762220
25.250000 0.762013
25.300000 0.761809
25.350000 0.761607
25.400000 0.761409
25.450000 0.761214
25.500000 0.761021
25.550000 0.760831
25.600000 0.760644
25.650000 0.760459
25.700000 0.760276
25.750000 0.760095
25.800000 0.759917
25.850000 0.759741
25.900000 0.759566
25.950000 0.759394
26.000000 0.759223
26.050000 0.759054
26.100000 0.758886
26.150000 0.758720
26.200000 0.758556
26.250000 0.758393
26.300000 0.758231
26.350000 0.758071
26.400000 0.757911
26.450000 0.757753
26.500000 0.757597
26.550000 0.757441
26.600000 0.757286
26.650000 0.757132
26.700000 0.756979
26.750000 0.756827
26.800000 0.756676
26.850000 0.756525
26.900000 0.756376
26.950000 0.756227
27.000000 0.756078
27.050000 0.755931
27.100000 0.755784
27.150000 0.755637
27.200000 0.755491
27.250000 0.755345
27.300000 0.755200
27.350000 0.755056
27.400000 0.754912
27.450000 0.754768
27.500000 0.754624
27.550000 0.754481
27.600000 0.754338
27.650000 0.754196
27.700000 0.754054
27.750000 0.753911
27.800000 0.753770
27.850000 0.753628
27.900000 0.753487
27.950000 0.753346
28.000000 0.753204
28.050000 0.753064
28.100000 0.752923
28.150000 0.752782
28.200000 0.752642
28.250000 0.752501
28.300000 0.752361
28.350000 0.752220
28.400000 0.752080
28.450000 0.751940
28.500000 0.751800
28.550000 0.751659
28.600000 0.751519
28.650000 0.751379
28.700000 0.751239
28.750000 0.751098
28.800000 0.750958
28.850000 0.750818
28.900000 0.750678
28.950000 0.750537
29.000000 0.750397
29.050000 0.750256
29.100000 0.750116
29.150000 0.749975
29.200000 0.749834
29.250000 0.749693
29.300000 0.749553
29.350000 0.749412
29.400000 0.749270
29.450000 0.749129
29.500000 0.748988
29.550000 0.748846
29.600000 0.748705
29.650000 0.748563
29.700000 0.748421
29.750000 0.748280
29.800000 0.748137
29.850000 0.747995
29.900000 0.747853
29.950000 0.747710
30.000000 0.747568
30.050000 0.747425
30.100000 0.747282
30.150000 0.747139
30.200000 0.746996
30.250000 0.746852
30.300000 0.746709
30.350000 0.746565
30.400000 0.746421
30.450000 0.746277
30.500000 0.746133
30.550000 0.745989
30.600000 0.745844
30.650000 0.745699
30.700000 0.745554
30.750000 0.745409
30.800000 0.745264
30.850000 0.745119
30.900000 0.744973
30.950000 0.744827
31.000000 0.744681
31.050000 0.744535
31.100000 0.744389
31.150000 0.744242
31.200000 0.744095
31.250000 0.743948
31.300000 0.743801
31.350000 0.743654
31.400000 0.743507
31.450000 0.743359
31.500000 0.743211
31.550000 0.743063
31.600000 0.742915
31.650000 0.742766
31.700000 0.742617
31.750000 0.742468
31.800000 0.742319
31.850000 0.742170
31.900000 0.742021
31.950000 0.741871
32.000000 0.741721
32.050000 0.741571
32.100000 0.741420
32.150000 0.741270
32.200000 0.741119
32.250000 0.740968
32.300000 0.740817
32.350000 0.740666
32.400000 0.740514
32.450000 0.740362
32.500000 0.740210
32.550000 0.740058
32.600000 0.739906
32.650000 0.739753
32.700000 0.739600
32.750000 0.739447
32.800000 0.739293
32.850000 0.739140
32.900000 0.738986
32.950000 0.738832
33.000000 0.738678
33.050000 0.738523
33.100000 0.738369
33.150000 0.738214
33.200000 0.738059
33.250000 0.737903
33.300000 0.737748
33.350000 0.737592
33.400000 0.737436
33.450000 0.737280
33.500000 0.737123
33.550000 0.736966
33.600000 0.736809
33.650000 0.736652
33.700000 0.736495
33.750000 0.736337
33.800000 0.736179
33.850000 0.736021
33.900000 0.735863
33.950000 0.735704
34.000000 0.735545
34.050000 0.735386
34.100000 0.735227
34.150000 0.735067
34.200000 0.734907
34.250000 0.734747
34.300000 0.734587
34.350000 0.734426
34.400000 0.734266
34.450000 0.734104
34.500000 0.733943
34.550000 0.733782
34.600000 0.733620
34.650000 0.733458
34.700000 0.733295
34.750000 0.733133
34.800000 0.732970
34.850000 0.732807
34.900000 0.732644
34.950000 0.732480
35.000000 0.732316
35.050000 0.732152
35.100000 0.731988
35.150000 0.731823
35.200000 0.731658
35.250000 0.731493
35.300000 0.731328
35.350000 0.731162
35.400000 0.730996
35.450000 0.730830
35.500000 0.730664
35.550000 0.730497
35.600000 0.730330
35.650000 0.730163
35.700000 0.729995
35.750000 0.729828
35.800000 0.729659
35.850000 0.729491
35.900000 0.729323
35.950000 0.729154
36.000000 0.728985
36.050000 0.728815
36.100000 0.728645
36.150000 0.728476
36.200000 0.728305
36.250000 0.728135
36.300000 0.727964
36.350000 0.727793
36.400000 0.727621
36.450000 0.727450
36.500000 0.727278
36.550000 0.727106
36.600000 0.726933
36.650000 0.726760
36.700000 0.726587
36.750000 0.726414
36.800000 0.726240
36.850000 0.726066
36.900000 0.725892
36.950000 0.725717
37.000000 0.725542
37.050000 0.725367
37.100000 0.725192
37.150000 0.725016
37.200000 0.724840
37.250000 0.724664
37.300000 0.724487
37.350000 0.724310
37.400000 0.724133
37.450000 0.723955
37.500000 0.723777
37.550000 0.723599
37.600000 0.723420
37.650000 0.723241
37.700000 0.723062
37.750000 0.722882
37.800000 0.722702
37.850000 0.722522
37.900000 0.722342
37.950000 0.722161
38.000000 0.721980
38.050000 0.721798
38.100000 0.721616
38.150000 0.721434
38.200000 0.721251
38.250000 0.721068
38.300000 0.720885
38.350000 0.720701
38.400000 0.720517
38.450000 0.720332
38.500000 0.720148
38.550000 0.719962
38.600000 0.719777
38.650000 0.719591
38.700000 0.719404
38.750000 0.719218
38.800000 0.719030
38.850000 0.718843
38.900000 0.718655
38.950000 0.718466
39.000000 0.718277
39.050000 0.718088
39.100000 0.717898
39.150000 0.717708
39.200000 0.717517
39.250000 0.717326
39.300000 0.717134
39.350000 0.716942
39.400000 0.716749
39.450000 0.716556
39.500000 0.716362
39.550000 0.716168
39.600000 0.715973
39.650000 0.715777
39.700000 0.715581
39.750000 0.715385
39.800000 0.715188
39.850000 0.714990
39.900000 0.714791
39.950000 0.714592
40.000000 0.714392
40.050000 0.714192
40.100000 0.713991
40.150000 0.713789
40.200000 0.713586
40.250000 0.713382
40.300000 0.713178
40.350000 0.712973
40.400000 0.712767
40.450000 0.712560
40.500000 0.712352
40.550000 0.712144
40.600000 0.711934
40.650000 0.711723
40.700000 0.711512
40.750000 0.711299
40.800000 0.711085
40.850000 0.710870
40.900000 0.710654
40.950000 0.710436
41.000000 0.710218
41.050000 0.709998
41.100000 0.709776
41.150000 0.709553
41.200000 0.709329
41.250000 0.709104
41.300000 0.708876
41.350000 0.708647
41.400000 0.708417
41.450000 0.708184
41.500000 0.707950
41.550000 0.707714
41.600000 0.707476
41.650000 0.707237
41.700000 0.706995
41.750000 0.706750
41.800000 0.706504
41.850000 0.706255
41.900000 0.706004
41.950000 0.705750
42.000000 0.705494
42.050000 0.705235
42.100000 0.704974
42.150000 0.704709
42.200000 0.704441
42.250000 0.704171
42.300000 0.703897
42.350000 0.703619
42.400000 0.703338
42.450000 0.703054
42.500000 0.702766
42.550000 0.702474
42.600000 0.702178
42.650000 0.701878
42.700000 0.701574
42.750000 0.701265
42.800000 0.700951
42.850000 0.700633
42.900000 0.700310
42.950000 0.699981
43.000000 0.699647
43.050000 0.699308
43.100000 0.698963
43.150000 0.698613
43.200000 0.698256
43.250000 0.697893
43.300000 0.697523
43.350000 0.697146
43.400000 0.696763
43.450000 0.696372
43.500000 0.695974
43.550000 0.695568
43.600000 0.695154
43.650000 0.694732
43.700000 0.694302
43.750000 0.693863
43.800000 0.693414
43.850000 0.692956
43.900000 0.692489
43.950000 0.692012
44.000000 0.691524
44.050000 0.691026
44.100000 0.690516
44.150000 0.689996
44.200000 0.689464
44.250000 0.688919
44.300000 0.688363
44.350000 0.687794
44.400000 0.687211
44.450000 0.686615
44.500000 0.686006
44.550000 0.685381
44.600000 0.684743
44.650000 0.684089
44.700000 0.683419
44.750000 0.682733
44.800000 0.682031
44.850000 0.681312
44.900000 0.680576
44.950000 0.679822
45.000000 0.679049
45.050000 0.678258
45.100000 0.677447
45.150000 0.676616
45.200000 0.675765
45.250000 0.674893
45.300000 0.673999
45.350000 0.673084
45.400000 0.672146
45.450000 0.671184
45.500000 0.670199
45.550000 0.669190
45.600000 0.668156
45.650000 0.667097
45.700000 0.666011
45.750000 0.664899
45.800000 0.663760
45.850000 0.662592
45.900000 0.661397
45.950000 0.660172
46.000000 0.658917
46.050000 0.657632
46.100000 0.656315
46.150000 0.654967
46.200000 0.653587
46.250000 0.652174
46.300000 0.650727
46.350000 0.649245
46.400000 0.647728
46.450000 0.646176
46.500000 0.644587
46.550000 0.642961
46.600000 0.641298
46.650000 0.639595
46.700000 0.637854
46.750000 0.636073
46.800000 0.634251
46.850000 0.632388
46.900000 0.630483
46.950000 0.628536
47.000000 0.626545
47.050000 0.624511
47.100000 0.622432
47.150000 0.620307
47.200000 0.618137
47.250000 0.615920
47.300000 0.613656
47.350000 0.611344
47.400000 0.608984
47.450000 0.606574
47.500000 0.604115
47.550000 0.601605
47.600000 0.599045
47.650000 0.596433
47.700000 0.593770
47.750000 0.591053
47.800000 0.588284
47.850000 0.585461
47.900000 0.582584
47.950000 0.579652
48.000000 0.576666
48.050000 0.573624
48.100000 0.570526
48.150000 0.567371
48.200000 0.564160
48.250000 0.560892
48.300000 0.557567
48.350000 0.554183
48.400000 0.550742
48.450000 0.547243
48.500000 0.543685
48.550000 0.540068
48.600000 0.536393
48.650000 0.532658
48.700000 0.528864
48.750000 0.525011
48.800000 0.521099
48.850000 0.517127
48.900000 0.513096
48.950000 0.509005
49.000000 0.504855
49.050000 0.500646
49.100000 0.496378
49.150000 0.492050
49.200000 0.487664
49.250000 0.483219
49.300000 0.478716
49.350000 0.474155
49.400000 0.469536
49.450000 0.464859
49.500000 0.460126
49.550000 0.455336
49.600000 0.450489
49.650000 0.445587
49.700000 0.440630
49.750000 0.435617
49.800000 0.430551
49.850000 0.425431
49.900000 0.420258
49.950000 0.415033
50.000000 0.409756
